 System O-C
    2    1   12    4
 O                        C
    15.99940000              12.01070000
   6   1   2   3   4   5   6
   6   1   2   3   4   5   6
 gas_ideal
 IDMX
 C
   4  3    0.0    1.0
  2600.0000      712234.84     -11.891684     -21.741391     0.47346994E-03
 -.53611800E-07 -28855.579
 1 -386.20250      99.00
  6000.0000      1207023.0     -98.547935     -15.608903     0.00000000
 0.00000000     -29392513.
 2  6562.6344       0.50 -91434.292      99.00
  6001.0000      701947.43      2.8618228     -23.183583     0.00000000
 0.00000000     0.00000000
 1 0.00000000       0.00
 C2
   4  3    0.0    2.0
  800.00000      871764.76      303.15125     -61.761335     0.00000000
 0.00000000     -3625790.5
 2 -3989.6220       0.50 0.18740113E+09  -2.00
  6000.0000      660845.42      577.82306     -86.913591     0.18602205E-02
 -.55497861E-07  2311422.7
 2  50919.010      99.00 -11873.025       0.50
  6001.0000      792616.68      135.07245     -46.616551     0.00000000
 0.00000000     0.00000000
 1 0.00000000       0.00
 C3
   4  3    0.0    3.0
  1500.0000      723423.86      845.05778     -121.92070     0.38058599E-02
 0.00000000      543160.92
 2  36528.039      99.00 -13274.987       0.50
  6000.0000      785920.96      310.21610     -68.644142     0.00000000
 0.00000000      1363274.3
 2  8705.9429      99.00 -3803.8336       0.50
  6001.0000      771494.48      181.33567     -57.742574     0.00000000
 0.00000000     0.00000000
 1 0.00000000       0.00
 C4
   4  3    0.0    4.0
  1400.0000      922816.78      1115.1861     -160.26358     0.54306211E-02
 0.00000000      344608.30
 2  21259.177      99.00 -11768.944       0.50
  6000.0000      977846.25      372.38730     -85.937369     0.00000000
 0.00000000      2832263.4
 2 -11212.104      99.00  930.64079       0.50
  6001.0000      922640.55      385.92943     -86.914967     0.00000000
 0.00000000     0.00000000
 1 0.00000000       0.00
 C5
   4  3    0.0    5.0
  1400.0000      917676.53      1496.0821     -206.81334     0.69790477E-02
 0.00000000      532674.46
 2  27433.257      99.00 -15301.437       0.50
  6000.0000      992263.13      530.96948     -110.35172     0.00000000
 0.00000000      3724647.1
 2 -15513.530      99.00  1289.6211       0.50
  6001.0000      915786.51      549.89052     -111.72145     0.00000000
 0.00000000     0.00000000
 1 0.00000000       0.00
 O
   4  3    1.0    0.0
  2200.0000      242682.20     -30.020448     -19.964968     -.13194946E-03
 0.61589319E-08 -29327.439
 1  83.809856       0.50
  6000.0000     -84471.471      186.78944     -38.050669     0.00000000
 0.00000000      12120739.
 2  70811.436      99.00 -8330.8535       0.50
  6001.0000      236685.00     -8.3771889     -22.291487     0.00000000
 0.00000000     0.00000000
 1 0.00000000       0.00
 O2
   4  4    2.0    0.0
  1000.0000     -5219.3324     -12.179856     -26.924057     -.84893408E-02
 0.11276942E-05 -114664.63
 1 -316.64663       0.50
  4000.0000     -389938.78      638.67678     -89.681327     0.72372244E-03
 0.00000000      9341343.0
 2 -16506.149       0.50  95803.960      99.00
  6000.0000     -8951197.1      2742.7612     -249.17312     0.00000000
 0.00000000     0.59248921E+09
 2 -139742.68       0.50  1674792.2      99.00
  6001.0000     -42014.302      116.92408     -44.371534     0.00000000
 0.00000000     0.00000000
 1 0.00000000       0.00
 O3
   4  3    3.0    0.0
  1900.0000      200310.28      315.13014     -76.555764     0.46115697E-02
 -.32267167E-06 -821844.45
 1 -15871.007      99.00
  6000.0000     -95706.532      344.94952     -73.713624     0.00000000
 0.00000000      9320171.5
 2  47079.583      99.00 -6138.3410       0.50
  6001.0000      107048.81      191.83924     -61.231023     0.00000000
 0.00000000     0.00000000
 1 0.00000000       0.00
 CO
   4  3    1.0    1.0
  1700.0000     -203680.54      609.35468     -90.753584     0.31175713E-02
 0.00000000      770627.67
 2  32063.316      99.00 -10357.020       0.50
  6000.0000     -224220.54      142.21490     -44.086320     0.00000000
 0.00000000      5816543.2
 2  20893.908      99.00 -2749.1074       0.50
  6001.0000     -133600.03      72.371771     -38.372791     0.00000000
 0.00000000     0.00000000
 1 0.00000000       0.00
 C2O
   4  3    1.0    2.0
  2300.0000      231186.62      664.35777     -107.49204     0.18364932E-02
 0.00000000      413854.90
 2  19637.467      99.00 -8280.8929       0.50
  6000.0000      276457.54      102.96587     -54.804651     0.00000000
 0.00000000      10638866.
 2 -14952.771      99.00  3832.3311       0.50
  6001.0000      257586.58      214.98181     -64.090270     0.00000000
 0.00000000     0.00000000
 1 0.00000000       0.00
 CO2
   4  3    2.0    1.0
  1900.0000     -415578.81      642.65849     -103.34460     0.23713031E-02
 0.00000000      20124.522
 2 -6993.1489       0.50  11004.741      99.00
  6000.0000      402917.74     -923.17324      49.197241     0.00000000
 0.00000000     -21647150.
 3 -.82448878       1.50  30319.476       0.50 -196911.68      99.00
  6001.0000     -439389.21      251.60871     -64.940924     0.00000000
 0.00000000     0.00000000
 1 0.00000000       0.00
 C3O2
   4  3    2.0    3.0
  1400.0000     -233348.58      1753.8120     -234.75261     0.83038458E-02
 0.00000000      1214665.1
 2  53046.991      99.00 -21646.368       0.50
  6000.0000     -54630.888      487.70053     -109.73369     0.00000000
 0.00000000      2913316.3
 2 -20511.152      99.00  1708.0096       0.50
  6001.0000     -157027.98      513.96765     -111.66589     0.00000000
 0.00000000     0.00000000
 1 0.00000000       0.00
 C_Graphite(s)
   4  3    0.0    1.0
  1000.0000      20210.977      515.67115     -61.179098     0.40088454E-02
 0.00000000     -412784.99
 2 -4096.0558       0.50  1100795.9      -2.00
  6000.0000     -13835.847      176.39550     -24.778075     -.47936188E-03
 0.00000000      1441704.2
 1 -158.76941       0.50
  6001.0000     -33206.295      219.62603     -29.937896     0.00000000
 0.00000000     0.00000000
 1 0.00000000       0.00
 C_diamond(s2)
   4  2    0.0    1.0
  3000.0000      30879.186      209.52835     -28.008000     -.21380000E-03
 0.00000000     -155590.00
 1 -7729.5000      99.00
  3001.0000     -17678.685      194.34620     -26.748876     0.00000000
 0.00000000     0.00000000
 1 0.00000000       0.00
 C                       #
   4  1    0.0    1.0
  6001.0000     0.00000000     0.00000000     0.00000000     0.00000000
 0.00000000     0.00000000
 1 0.00000000       0.00
 O                       #
   4  1    1.0    0.0
  6001.0000     0.00000000     0.00000000     0.00000000     0.00000000
 0.00000000     0.00000000
 1 0.00000000       0.00
