 System Mn-Ca-S
    3    8    8    6    6    2    3    3    2    2   11
 Mn                       Ca                       S
    54.93804500              40.07800000              32.06500000
   6   1   2   3   4   5   6
   6   1   2   3   4   5   6
 gas_ideal
 IDMX
 S
   1  4    0.0    0.0    1.0
  1000.0000      269797.37      2.2810291     -24.704710     0.37513720E-02
 -.54888717E-06  3450.3165
  3400.0000      273925.00     -38.495866     -18.817480     -.23003530E-03
 -.11870997E-07 -570436.50
  6000.0000      257401.53     -.94396727     -23.059310     -.59854600E-06
 0.20296117E-08  9368165.0
  6000.0000      265379.01     -10.222888     -22.107643         0.00000000
     0.00000000     0.00000000
 S2
   1  4    0.0    0.0    2.0
  1000.0000      117374.55      2.9862956     -33.096780     -.23254640E-02
 0.18548017E-06  128593.60
  3400.0000      117352.44      2.5038326     -33.047440     -.21150245E-02
 0.91660233E-07  175718.45
  6000.0000      124361.09      14.518290     -35.192300     -.59309250E-03
 -.75425933E-08 -7484105.0
  6000.0000      91503.559      95.662335     -44.354394         0.00000000
     0.00000000     0.00000000
 S3
   1  3    0.0    0.0    3.0
  1000.0000      126744.32      83.843568     -51.945610     -.43385055E-02
 0.66830033E-06  276938.30
  6000.0000      123958.88      118.72044     -57.162420     -.72907900E-05
 0.24256683E-09  558805.00
  6000.0000      124278.52      118.68291     -57.166470         0.00000000
     0.00000000     0.00000000
 S4
   1  3    0.0    0.0    4.0
  900.00000      109847.44      203.90496     -71.679660     -.90411550E-02
 0.14714888E-05  505278.00
  6000.0000      104526.08      272.79356     -82.050280     -.18281010E-04
 0.61980333E-09  1023588.5
  6000.0000      105085.87      272.89038     -82.078909         0.00000000
     0.00000000     0.00000000
 S5
   1  4    0.0    0.0    5.0
  900.00000      106276.07      170.26340     -73.990220     -.35336475E-01
 0.57687283E-05  227070.60
  2800.0000      75139.882      544.89105     -129.53700     0.78790150E-02
 -.43261033E-06  3425257.0
  6000.0000      114904.75      339.94576     -102.98010     0.22587700E-04
 -.79250250E-09 -7832715.0
  6000.0000      109811.38      343.60084     -103.31538         0.00000000
     0.00000000     0.00000000
 S6
   1  4    0.0    0.0    6.0
  1600.0000      57214.796      523.24074     -129.18380     -.41523560E-03
 -.42713167E-06  779118.50
  4200.0000      8925.7246      728.50904     -154.33630     0.20311780E-02
 -.17761350E-07  14908280.
  6000.0000      43158.785      657.51185     -146.39350     0.15928905E-02
 -.33460833E-07 -8046775.0
  6000.0000      66228.167      562.27284     -134.95340         0.00000000
     0.00000000     0.00000000
 S7
   1  3    0.0    0.0    7.0
  1500.0000      59623.003      634.18253     -152.29390     -.31028470E-02
 0.36615317E-06  940068.00
  6000.0000      56671.325      666.28811     -156.95910     -.24414170E-05
 0.72853200E-10  1284129.5
  6000.0000      57502.465      665.67057     -156.90132         0.00000000
     0.00000000     0.00000000
 S8
   1  5    0.0    0.0    8.0
  800.00000      45619.029      695.99667     -165.19870     -.10988600E-01
 -.13887568E-05  753634.00
  1500.0000      22301.585      822.41812     -180.00910     -.20252625E-01
 0.30454300E-05  4785936.0
  3900.0000      28125.336      992.47020     -207.71990     0.61396350E-02
 -.25797767E-06 -2943090.0
  6000.0000      82396.411      766.11213     -179.34390     -.25802190E-03
 0.51717283E-08 -21845450.
  6000.0000      63012.363      795.14989     -182.53671         0.00000000
     0.00000000     0.00000000
 IONIC_LIQ
 SUBI
 Ca+2:S-2
   1  8    0.0    2.0    2.0
  388.36000     -822557.41      378.05057     -63.635600     -.59467100E-01
 -.49884000E-06 -495038.00
  428.15000     -11384921.      237121.44     -39557.428      65.563291
 -.20442833E-01 0.52907985E+09
  432.25000     -17164546.      640050.45     -115247.23      270.58679
 -.10599467     -267148.00
  453.15000     -1253371.9      15739.951     -2776.3276      5.6678609
 -.20276067E-02 -267148.00
  500.00000     -629474.54     -2450.4614      373.28840     -.52859210
 0.10376700E-03 -16671548.
  717.00000     -625486.52     -2538.8332      387.94104     -.55171374
 0.11044361E-03 -16864786.
  1115.0000     -824346.21      486.60893     -81.974957     -.45330740E-01
 0.66766060E-05 -460386.00
  6000.0001     -845333.80      827.85773     -134.00000         0.00000000
     0.00000000     0.00000000
 Ca+2:Va
   1  3    0.0    1.0    0.0
  500.00000      5844.8460      62.483800     -16.313800     -.11104550E-01
     0.00000000 -133574.00
  1115.0000      7838.8534      18.297880     -8.9874787     -.22665370E-01
 0.33383030E-05 -230193.00
  6000.0001     -2654.9392      188.92228     -35.000000         0.00000000
     0.00000000     0.00000000
 S
   1  6    0.0    0.0    2.0
  388.36000     -8003.0980      155.77937     -31.008000     -.37258000E-01
 -.49884000E-06 -227890.00
  428.15000     -10570367.      236899.17     -39524.800      65.585500
 -.20442833E-01 0.52934700E+09
  432.25000     -16349991.      639828.16     -115214.60      270.60900
 -.10599467         0.00000000
  453.15000     -438817.60      15517.680     -2743.7000      5.6900700
 -.20276067E-02     0.00000000
  717.00000      185079.75     -2672.7326      405.91600     -.50638300
 0.10376700E-03 -16404400.
  6000.0001     -13779.939      352.70963     -64.000000         0.00000000
     0.00000000     0.00000000
 Mn+2:S-2
   1  2    2.0    0.0    2.0
  6000.0000     -408180.00      450.12000     -94.560000     -.88800000E-02
     0.00000000     0.00000000
  6000.0001     -727860.01      1377.1403     -201.12000         0.00000000
     0.00000000     0.00000000
 Mn+2:Va
   1  2    1.0    0.0    0.0
  1519.0000     -8115.2800      130.05900     -23.458200     -.73476800E-02
     0.00000000  69827.000
  6000.0001     -28348.586      312.03679     -48.000000         0.00000000
     0.00000000     0.00000000
 S
   1  6    0.0    0.0    2.0
  388.36000     -8003.0980      155.77937     -31.008000     -.37258000E-01
 -.49884000E-06 -227890.00
  428.15000     -10570367.      236899.17     -39524.800      65.585500
 -.20442833E-01 0.52934700E+09
  432.25000     -16349991.      639828.16     -115214.60      270.60900
 -.10599467         0.00000000
  453.15000     -438817.60      15517.680     -2743.7000      5.6900700
 -.20276067E-02     0.00000000
  717.00000      185079.75     -2672.7326      405.91600     -.50638300
 0.10376700E-03 -16404400.
  6000.0001     -13779.939      352.70963     -64.000000         0.00000000
     0.00000000     0.00000000
   2   3
 Ca+2                     Mn+2
 Va                       Va                       S
   1
  2.00000      2.00000
  1.00000      1.00000         0.000000
   1   1   1   2   2   2
   1   2   3   1   2   3
   3
   1   2   3   2
 -65000.000         0.00000000     0.00000000     0.00000000     0.00000000
     0.00000000
 -40000.000         0.00000000     0.00000000     0.00000000     0.00000000
     0.00000000
   3
   1   2   4   1
  47000.000         0.00000000     0.00000000     0.00000000     0.00000000
     0.00000000
   3
   1   3   4   1
  17331.000         0.00000000     0.00000000     0.00000000     0.00000000
     0.00000000
   3
   1   3   5   1
  100000.00         0.00000000     0.00000000     0.00000000     0.00000000
     0.00000000
   3
   2   3   4   2
  137000.00         0.00000000     0.00000000     0.00000000     0.00000000
     0.00000000
 -11400.000         0.00000000     0.00000000     0.00000000     0.00000000
     0.00000000
   3
   2   3   5   2
  96626.000     -43.614000         0.00000000     0.00000000     0.00000000
     0.00000000
 -145966.00      49.429000         0.00000000     0.00000000     0.00000000
     0.00000000
   0
 IONIC_LIQ
 SUBI
 Ca+2:S-2
   1  8    0.0    2.0    2.0
  388.36000     -822557.41      378.05057     -63.635600     -.59467100E-01
 -.49884000E-06 -495038.00
  428.15000     -11384921.      237121.44     -39557.428      65.563291
 -.20442833E-01 0.52907985E+09
  432.25000     -17164546.      640050.45     -115247.23      270.58679
 -.10599467     -267148.00
  453.15000     -1253371.9      15739.951     -2776.3276      5.6678609
 -.20276067E-02 -267148.00
  500.00000     -629474.54     -2450.4614      373.28840     -.52859210
 0.10376700E-03 -16671548.
  717.00000     -625486.52     -2538.8332      387.94104     -.55171374
 0.11044361E-03 -16864786.
  1115.0000     -824346.21      486.60893     -81.974957     -.45330740E-01
 0.66766060E-05 -460386.00
  6000.0001     -845333.80      827.85773     -134.00000         0.00000000
     0.00000000     0.00000000
 Ca+2:Va
   1  3    0.0    1.0    0.0
  500.00000      5844.8460      62.483800     -16.313800     -.11104550E-01
     0.00000000 -133574.00
  1115.0000      7838.8534      18.297880     -8.9874787     -.22665370E-01
 0.33383030E-05 -230193.00
  6000.0001     -2654.9392      188.92228     -35.000000         0.00000000
     0.00000000     0.00000000
 S
   1  6    0.0    0.0    2.0
  388.36000     -8003.0980      155.77937     -31.008000     -.37258000E-01
 -.49884000E-06 -227890.00
  428.15000     -10570367.      236899.17     -39524.800      65.585500
 -.20442833E-01 0.52934700E+09
  432.25000     -16349991.      639828.16     -115214.60      270.60900
 -.10599467         0.00000000
  453.15000     -438817.60      15517.680     -2743.7000      5.6900700
 -.20276067E-02     0.00000000
  717.00000      185079.75     -2672.7326      405.91600     -.50638300
 0.10376700E-03 -16404400.
  6000.0001     -13779.939      352.70963     -64.000000         0.00000000
     0.00000000     0.00000000
 Mn+2:S-2
   1  2    2.0    0.0    2.0
  6000.0000     -408180.00      450.12000     -94.560000     -.88800000E-02
     0.00000000     0.00000000
  6000.0001     -727860.01      1377.1403     -201.12000         0.00000000
     0.00000000     0.00000000
 Mn+2:Va
   1  2    1.0    0.0    0.0
  1519.0000     -8115.2800      130.05900     -23.458200     -.73476800E-02
     0.00000000  69827.000
  6000.0001     -28348.586      312.03679     -48.000000         0.00000000
     0.00000000     0.00000000
 S
   1  6    0.0    0.0    2.0
  388.36000     -8003.0980      155.77937     -31.008000     -.37258000E-01
 -.49884000E-06 -227890.00
  428.15000     -10570367.      236899.17     -39524.800      65.585500
 -.20442833E-01 0.52934700E+09
  432.25000     -16349991.      639828.16     -115214.60      270.60900
 -.10599467         0.00000000
  453.15000     -438817.60      15517.680     -2743.7000      5.6900700
 -.20276067E-02     0.00000000
  717.00000      185079.75     -2672.7326      405.91600     -.50638300
 0.10376700E-03 -16404400.
  6000.0001     -13779.939      352.70963     -64.000000         0.00000000
     0.00000000     0.00000000
   2   3
 Ca+2                     Mn+2
 Va                       Va                       S
   1
  2.00000      2.00000
  1.00000      1.00000         0.000000
   1   1   1   2   2   2
   1   2   3   1   2   3
   3
   1   2   3   2
 -65000.000         0.00000000     0.00000000     0.00000000     0.00000000
     0.00000000
 -40000.000         0.00000000     0.00000000     0.00000000     0.00000000
     0.00000000
   3
   1   2   4   1
  47000.000         0.00000000     0.00000000     0.00000000     0.00000000
     0.00000000
   3
   1   3   4   1
  17331.000         0.00000000     0.00000000     0.00000000     0.00000000
     0.00000000
   3
   1   3   5   1
  100000.00         0.00000000     0.00000000     0.00000000     0.00000000
     0.00000000
   3
   2   3   4   2
  137000.00         0.00000000     0.00000000     0.00000000     0.00000000
     0.00000000
 -11400.000         0.00000000     0.00000000     0.00000000     0.00000000
     0.00000000
   3
   2   3   5   2
  96626.000     -43.614000         0.00000000     0.00000000     0.00000000
     0.00000000
 -145966.00      49.429000         0.00000000     0.00000000     0.00000000
     0.00000000
   0
 ALABANDITE
 SUBL
 Ca:S
   1  5    0.0    1.0    1.0
  368.30000     -486184.02      185.41603     -27.320800     -.37633550E-01
 0.77543330E-05 -133574.00
  1115.0000     -487468.84      224.69119     -34.255639     -.21999675E-01
 0.14025580E-05 -93664.000
  1300.0000     -589818.20      951.87903     -132.23409     0.12838689E-01
 0.15875800E-06  18285450.
  2000.0000     -554182.49      784.05205     -114.29225     0.23733814E-01
 -.12438000E-05  18245540.
  2000.0001     -462557.75      221.25465     -40.085421         0.00000000
     0.00000000     0.00000000
 Mn:S
   1  2    1.0    0.0    1.0
  2000.0000     -230200.00      239.00000     -47.280000     -.44400000E-02
     0.00000000     0.00000000
  2000.0001     -247960.00      373.99203     -65.040000         0.00000000
     0.00000000     0.00000000
   2
  1.00000      1.00000
   2   1
 Ca                       Mn
 S
   1   2
   1   1
   3
   1   2   3   2
  33480.000     -7.2400000         0.00000000     0.00000000     0.00000000
     0.00000000
  3230.0000         0.00000000     0.00000000     0.00000000     0.00000000
     0.00000000
   0
 BCC_A2
 SUBLM
 0.333333     0.280000
 Ca:Va
  13  4    0.0    1.0    0.0
  716.00000     -7020.8520      142.97016     -28.254100     0.72326000E-02
 -.45002170E-05  60578.000
  1115.0000      1640.4753      1.9996983     -6.2760000     -.16192100E-01
     0.00000000 -523000.00
  3000.0000     -142331.10      1023.5491     -143.87270     0.32543127E-01
 -.17040790E-05  25353771.
  3001.0001      321.63710      189.43306     -35.000000         0.00000000
     0.00000000     0.00000000
     0.000000     0.000000
 Mn:Va
  16  3    1.0    0.0    0.0
  1519.0000     -23188.830      307.70430     -48.000000         0.00000000
     0.00000000     0.00000000
 1 0.12651520E+31  -9.00
  2000.0000      50107.994     -92.162467         0.00000000     0.00000000
     0.00000000     0.00000000
 1 -.39169500E+30  -9.00
  3001.0001      50031.491     -91.862927     -.34426310E-01     0.00000000
     0.00000000     0.00000000
 1     0.00000000   0.00
 -580.000     -.270000
 S:Va
  13  3    0.0    0.0    1.0
  368.30000      99771.044      55.401762     -11.007000     -.26529000E-01
 0.77543330E-05     0.00000000
  1301.0000      98486.228      94.676925     -17.941839     -.10895125E-01
 0.14025580E-05  39910.000
  3001.0001      92521.980      188.29356     -31.999970         0.00000000
     0.00000000     0.00000000
     0.000000     0.000000
   2
  1.00000      3.00000
   3   1
 Ca                       Mn                       S
 Va
   1   2   3
   1   1   1
   0
   3
   1   2   4   1
  60000.000         0.00000000     0.00000000     0.00000000     0.00000000
     0.00000000
   0
 FCC_A1
 SUBLM
 0.333333     0.280000
 Ca:Va
  13  3    0.0    1.0    0.0
  1115.0000     -4955.0621      72.794266     -16.313800     -.11104550E-01
     0.00000000 -133574.00
  3000.0000     -107304.43      799.98209     -114.29225     0.23733814E-01
 -.12438000E-05  18245540.
  3001.0001     -3703.1130      192.63995     -35.000000         0.00000000
     0.00000000     0.00000000
     0.000000     0.000000
 Mn:Va
  16  3    1.0    0.0    0.0
  1519.0000     -26070.100      309.66640     -48.000000         0.00000000
     0.00000000     0.00000000
 1 0.38619600E+31  -9.00
  2000.0000      47226.724     -90.200367         0.00000000     0.00000000
     0.00000000     0.00000000
 1 0.22051130E+31  -9.00
  3001.0001      47657.410     -91.886677     0.19380871         0.00000000
     0.00000000     0.00000000
 1     0.00000000   0.00
 -1620.00     -1.86000
 S:Va
  13  3    0.0    0.0    1.0
  368.30000      99771.044      55.401762     -11.007000     -.26529000E-01
 0.77543330E-05     0.00000000
  1301.0000      98486.228      94.676925     -17.941839     -.10895125E-01
 0.14025580E-05  39910.000
  3001.0001      92521.980      188.29356     -31.999970         0.00000000
     0.00000000     0.00000000
     0.000000     0.000000
   2
  1.00000      1.00000
   3   1
 Ca                       Mn                       S
 Va
   1   2   3
   1   1   1
   0
   3
   1   2   4   1
  60000.000         0.00000000     0.00000000     0.00000000     0.00000000
     0.00000000
   0
 HCP_A3
 SUBLM
 0.333333     0.280000
 Ca:Va
  13  3    0.0    1.0    0.0
  1115.0000     -4455.0620      73.494266     -16.313800     -.11104550E-01
     0.00000000 -133574.00
  3000.0000     -106804.43      800.68209     -114.29225     0.23733814E-01
 -.12438000E-05  18245540.
  3001.0001     -3203.1128      193.33995     -35.000000         0.00000000
     0.00000000     0.00000000
     0.000000     0.000000
 Mn:Va
  16  3    1.0    0.0    0.0
  1519.0000     -4439.3000      133.00700     -24.517700     -.60000000E-02
     0.00000000  69600.000
 1     0.00000000   0.00
  2000.0000     -27070.099      310.78941     -48.000000         0.00000000
     0.00000000     0.00000000
 1 0.38619600E+31  -9.00
  3001.0001     -26315.810      307.83606     -47.660570         0.00000000
     0.00000000     0.00000000
 1     0.00000000   0.00
 -1620.00     -1.86000
   2
  1.00000     0.500000
   2   1
 Ca                       Mn
 Va
   1   2
   1   1
   0
   3
   1   2   3   1
  60000.000         0.00000000     0.00000000     0.00000000     0.00000000
     0.00000000
   0
 PYRRHOTITE
 SUBL
 Mn:S
   1  2    1.0    0.0    1.0
  6000.0000     -213200.00      239.00000     -47.280000     -.44400000E-02
     0.00000000     0.00000000
  6000.0001     -373040.00      702.51015     -100.56000         0.00000000
     0.00000000     0.00000000
 Va:S
   1  3    0.0    0.0    1.0
  368.30000      253371.04      55.401762     -11.007000     -.26529000E-01
 0.77543330E-05     0.00000000
  6000.0000      252086.22      94.676925     -17.941839     -.10895125E-01
 0.14025580E-05  39910.000
  6000.0001      1071698.5     -1554.9744      154.27141         0.00000000
     0.00000000     0.00000000
   2
  1.00000      1.00000
   2   1
 Mn                       Va
 S
   1   2
   1   1
   0
 S_MONOCLINIC(s)
   1  3    0.0    0.0    1.0
  388.36000     -5725.4220      89.544275     -17.413000     -.99393500E-02
 -.70062000E-07  1250.0000
  1300.0000     -7455.0072      114.78294     -21.153140     -.85661630E-02
 0.11124840E-05  122167.00
  1301.0000     -11779.415      186.69907     -32.000000         0.00000000
     0.00000000     0.00000000
 S_ORTHORHOMBIC_S(s2)
   1  3    0.0    0.0    1.0
  368.30000     -5228.9556      55.401762     -11.007000     -.26529000E-01
 0.77543330E-05     0.00000000
  1301.0000     -6513.7711      94.676925     -17.941839     -.10895125E-01
 0.14025580E-05  39910.000
  1301.0000     -12478.020      188.29356     -31.999970         0.00000000
     0.00000000     0.00000000
 Mn_CBCC_A12(s)
   4  3    1.0    0.0    0.0
  1519.0000     -8115.2800      130.05900     -23.458200     -.73476800E-02
     0.00000000  69827.000
 1     0.00000000   0.00
  2000.0000     -28733.410      312.26479     -48.000000         0.00000000
     0.00000000     0.00000000
 1 0.16568470E+31  -9.00
  2000.0000     -28409.807      310.99776     -47.854379         0.00000000
     0.00000000     0.00000000
 1     0.00000000   0.00
 Mn_CUB_A13(s2)
   4  3    1.0    0.0    0.0
  1519.0000     -28291.136      311.29311     -48.000000         0.00000000
     0.00000000     0.00000000
 1 0.39675700E+31  -9.00
  2000.0000      45005.688     -88.573655         0.00000000     0.00000000
     0.00000000     0.00000000
 1 0.23107230E+31  -9.00
  2000.0000      45457.001     -90.340729     0.20309089         0.00000000
     0.00000000     0.00000000
 1     0.00000000   0.00
 MnS2_PYRITE(s)
   4  4    1.0    0.0    2.0
  368.30000     -242573.19      237.18752     -45.472200     -.60405680E-01
 0.15508666E-04  69827.000
 1     0.00000000   0.00
  1300.0000     -245142.82      315.73785     -59.341878     -.29137930E-01
 0.28051160E-05  149647.00
 1     0.00000000   0.00
  2000.0000     -266084.56      498.18366     -83.883678     -.21790250E-01
 0.28051160E-05  79820.000
 1 0.16568470E+31  -9.00
  2000.0000     -262998.60      613.68036     -103.53636         0.00000000
     0.00000000     0.00000000
 1     0.00000000   0.00
 S_Orthorhombic(s)       #
   4  2    0.0    0.0    1.0
  800.00000     -5324.3626      90.038913     -17.263205     -.10002812E-01
     0.00000000     0.00000000
 1 -151.53412      99.00
  801.00005     -11297.412      184.44035     -31.655000         0.00000000
     0.00000000     0.00000000
 1     0.00000000   0.00
 Ca_Solid_Alpha(s)       #
   4  3    0.0    1.0    0.0
  1100.0000     -20289.826      5.7135695     -7.2407205     -.15879227E-01
 0.53889390E-06  89714.089
 1  3437.1206      99.00
  1500.0000     -90294.540     -138.06623      10.498266     -.18904688E-01
     0.00000000  2230770.0
 1  16851.838      99.00
  1501.0000     -6642.6644      193.69992     -35.000000         0.00000000
     0.00000000     0.00000000
 1     0.00000000   0.00
 Mn_Solid_Alpha(s)       #
   1  3    1.0    0.0    0.0
  980.00000     -8266.1319      132.82682     -23.849960     -.70703138E-02
     0.00000000  78527.059
  1421.0000     -13663.162      204.71326     -34.238469     -.18915344E-02
     0.00000000  171622.79
  1422.0000     -26349.386      296.59060     -46.024000         0.00000000
     0.00000000     0.00000000
 Ca(s)                   #
   1  1    0.0    1.0    0.0
  6001.0000         0.00000000     0.00000000     0.00000000     0.00000000
     0.00000000     0.00000000
 Mn(s)                   #
   1  1    1.0    0.0    0.0
  6001.0000         0.00000000     0.00000000     0.00000000     0.00000000
     0.00000000     0.00000000
 S(s)                    #
   1  1    0.0    0.0    1.0
  6001.0000         0.00000000     0.00000000     0.00000000     0.00000000
     0.00000000     0.00000000
