 System Cs-I
    2    2    6    3    7
 Cs                       I
   132.90545190             126.90447000
   6   1   2   3   4   5   6
   6   1   2   3   4   5   6
 gas_ideal
 IDMX
 I
   4  4    0.0    1.0
  900.00000      100565.72     -41.566018     -20.786110     0.00000000
 0.00000000     0.00000000
 1 0.00000000       0.00
  2400.0000      100490.77     -40.089122     -21.022930     0.28892195E-03
 -.59225700E-07  4271.7805
 1 0.00000000       0.00
  6000.0000      96391.689     -37.680537     -21.000830     -.43309630E-03
 0.15565595E-07  2477618.5
 1 0.00000000       0.00
  6001.0000      95900.641     -24.802041     -22.698172     0.00000000
 0.00000000     0.00000000
 1 0.00000000       0.00
 I2
   4  4    0.0    2.0
  2000.0000      50783.802     -4.9855286     -38.145940     0.58930500E-03
 -.19614317E-06  45464.010
 1 0.00000000       0.00
  4000.0000      31804.691      32.349577     -41.673390     -.16815440E-02
 0.15357532E-06  8481775.0
 1 0.00000000       0.00
  6000.0000     -34016.105      280.93855     -72.420070     0.45741580E-02
 -.81041917E-07  34270380.
 1 0.00000000       0.00
  6001.0000      83480.287     -54.957870     -33.131318     0.00000000
 0.00000000     0.00000000
 1 0.00000000       0.00
 Cs
   4  5    1.0    0.0
  1600.0000      70221.186     -34.943261     -21.012250     0.23869595E-03
 -.41704567E-07  4922.4480
 1 0.00000000       0.00
  3400.0000      65030.962      16.037320     -28.236640     0.41988735E-02
 -.42277100E-06  522968.50
 1 0.00000000       0.00
  5300.0000      366608.61     -1031.6439      100.10230     -.20285495E-01
 0.46132900E-06 -.13338130E+09
 1 0.00000000       0.00
  6000.0000      21277.425     -330.32731      20.431070     -.12545005E-01
 0.33277983E-06 0.13752290E+09
 1 0.00000000       0.00
  6001.0000     -51139.046      240.10702     -50.588385     0.00000000
 0.00000000     0.00000000
 1 0.00000000       0.00
 Cs2
   4  6    2.0    0.0
  700.00000      100114.05     -81.875233     -29.192100     -.15842410E-01
 0.44110350E-05 -87527.950
 1 0.00000000       0.00
  1700.0000      76365.616      232.86867     -76.742260     0.26454175E-01
 -.26421833E-05  2135020.0
 1 0.00000000       0.00
  3000.0000      250375.53     -857.02087      68.806630     -.28077265E-01
 0.12232853E-05 -37126965.
 1 0.00000000       0.00
  4900.0000     -161131.90      641.49282     -115.76580     0.84194450E-02
 -.11690215E-06 0.13370865E+09
 1 0.00000000       0.00
  6000.0000     -155428.03      692.77374     -122.88900     0.10697520E-01
 -.21101800E-06 0.11397085E+09
 1 0.00000000       0.00
  6001.0000      123343.71     -69.252609     -33.766934     0.00000000
 0.00000000     0.00000000
 1 0.00000000       0.00
 CsI
   4  3    1.0    1.0
  3000.0000     -163820.67     -20.551265     -37.991460     0.59672250E-04
 -.89742100E-07  25948.660
 1 0.00000000       0.00
  6000.0000     -4035.6905     -602.01486      33.608600     -.14046280E-01
 0.42432033E-06 -66242550.
 1 0.00000000       0.00
  6001.0000     -187250.70      58.705746     -46.973710     0.00000000
 0.00000000     0.00000000
 1 0.00000000       0.00
 Cs2I2
   4  2    2.0    2.0
  6000.0000     -478961.30      125.91263     -83.143280     -.31923535E-06
 0.13437272E-10  20737.120
 1 0.00000000       0.00
  6001.0000     -478947.36      125.90750     -83.143056     0.00000000
 0.00000000     0.00000000
 1 0.00000000       0.00
 LIQUID
 RKMP
 CS
   4  3    1.0    0.0
  301.59000     -15282.820      429.96979     -90.521258     0.20294220
 -.12790767E-03  245245.00
 1 0.00000000       0.00
  6000.0000     -11462.820      211.75996     -46.727330     0.20432690E-01
 -.40748460E-05  181528.00
 1 0.78016000E+22  -9.00
  9000.0000     -2796432.8      6175.7115     -681.69185     0.00000000
 0.00000000     0.00000000
 1 0.00000000       0.00
 CSI
   4  4    1.0    1.0
  301.59000     -333009.48      230.67513     -65.198018     0.14121565
 -.12790767E-03 -454110.50
 1 0.00000000       0.00
  386.70000     -329189.48      12.465302     -21.404090     -.41293860E-01
 -.40748460E-05 -517827.50
 1 0.78016000E+22  -9.00
  6000.0000     -348966.50      426.23571     -87.063180     0.20432690E-01
 -.40748460E-05  181528.00
 1 0.78016000E+22  -9.00
  9000.0000     -3133937.5      6390.1889     -722.02787     0.00000000
 0.00000000     0.00000000
 1 0.00000000       0.00
 I2
   4  2    0.0    2.0
  386.70000      29025.879     -437.59554      50.646480     -.12345310
 0.00000000     -1398711.0
 1 0.00000000       0.00
  1600.0000     -10528.157      389.94528     -80.671700     0.00000000
 0.00000000     0.00000000
 1 0.00000000       0.00
   2
   1   2   2
  23480.000     -11.000000     0.00000000     0.00000000     0.00000000
 0.00000000
 -4930.0000      6.6600000     0.00000000     0.00000000     0.00000000
 0.00000000
   2
   2   3   2
 -47000.000      36.570000     0.00000000     0.00000000     0.00000000
 0.00000000
 -4250.0000      13.540000     0.00000000     0.00000000     0.00000000
 0.00000000
   0
 I2_s(s)
   4  2    0.0    2.0
  386.70000      13508.679     -397.46831      50.646480     -.12345310
 0.00000000     -1398711.0
 1 0.00000000       0.00
  6000.0000     -26045.357      430.07251     -80.671700     0.00000000
 0.00000000     0.00000000
 1 0.00000000       0.00
 Cs_bcc_a2(s)
   4  3    1.0    0.0
  301.59000     -17373.819      436.89978     -90.521258     0.20294220
 -.12790767E-03  245245.00
 1 0.00000000       0.00
  6000.0000     -13553.818      218.68995     -46.727330     0.20432690E-01
 -.40748460E-05  181528.00
 1 0.78016000E+22  -9.00
  6001.0000     -2798522.9      6182.6401     -681.69170     0.00000000
 0.00000000     0.00000000
 1 0.00000000       0.00
 CsI_csi_b2(s)
   4  4    1.0    1.0
  301.59000     -358719.48      259.26513     -65.198018     0.14121565
 -.12790767E-03 -454110.50
 1 0.00000000       0.00
  386.70000     -354899.48      41.055299     -21.404090     -.41293860E-01
 -.40748460E-05 -517827.50
 1 0.78016000E+22  -9.00
  6000.0000     -374676.50      454.82571     -87.063180     0.20432690E-01
 -.40748460E-05  181528.00
 1 0.78016000E+22  -9.00
  6001.0000     -3159645.6      6418.7759     -722.02755     0.00000000
 0.00000000     0.00000000
 1 0.00000000       0.00
 CsI3_csi3(s)
   4  4    1.0    3.0
  301.59000     -359009.80     -134.92318     -14.551538     0.17762550E-01
 -.12790767E-03 -1852821.5
 1 0.00000000       0.00
  386.70000     -355189.80     -353.13301      29.242390     -.16474696
 -.40748460E-05 -1916538.5
 1 0.78016000E+22  -9.00
  6000.0000     -414520.85      888.17822     -167.73488     0.20432690E-01
 -.40748460E-05  181528.00
 1 0.78016000E+22  -9.00
  6001.0000     -3199489.9      6852.1284     -802.69925     0.00000000
 0.00000000     0.00000000
 1 0.00000000       0.00
 CsI4_csi4(s)
   4  4    1.0    4.0
  301.59000     -356054.46     -331.32984      10.771702     -.43964000E-01
 -.12790767E-03 -2552177.0
 1 0.00000000       0.00
  386.70000     -352234.46     -549.53967      54.565630     -.22647351
 -.40748460E-05 -2615894.0
 1 0.78016000E+22  -9.00
  6000.0000     -431342.53      1105.5420     -208.07073     0.20432690E-01
 -.40748460E-05  181528.00
 1 0.78016000E+22  -9.00
  6001.0000     -3216311.6      7069.4921     -843.03510     0.00000000
 0.00000000     0.00000000
 1 0.00000000       0.00
 Cs                      #
   4  1    1.0    0.0
  6000.0000     0.00000000     0.00000000     0.00000000     0.00000000
 0.00000000     0.00000000
 1 0.00000000       0.00
 I                       #
   4  1    0.0    1.0
  6000.0000     0.00000000     0.00000000     0.00000000     0.00000000
 0.00000000     0.00000000
 1 0.00000000       0.00
