 System CS-TE generated from TDB file by OC   6.005  2021.09.02 : 20.53
   2   2   0   3       0
 Cs                       Te
              132.91000000             127.60000000
6    1  2  3  4  5  6  
6    1  2  3  4  5  6  
IONIC_LIQUID                 = MIXTURE PHASE =  2
SUBI
Cs+:Va
 4  2     1.00    0.00
    301.5900  -15282.679       429.96875      -90.521258      0.20294220     -0.12790767E-03   245245.00    
  1 -0.35686700E-17   7.00
   6000.0000  -11454.038       211.72884      -46.727330      0.20432690E-01 -0.40748460E-05   181528.00    
 1 0.00000000       0.00
Cs2Te                                         *         1.00
 4  1     2.00    1.00
   6000.0000  -350241.00       282.54823      -73.043000     -0.91226000E-02  0.73432900E-06   17688.000    
 1 0.00000000       0.00
Te                                         *         1.00
 4  4    -0.00    1.00
    626.4900  -17554.731       685.87764      -126.31800      0.22194350     -0.94207500E-04   827930.00    
 1 0.00000000       0.00
    722.6600  -3165763.5       46756.357      -7196.4100       7.0977500     -0.13069283E-02  0.25805100E+09
 1 0.00000000       0.00
   1150.0000   180326.96      -1500.5791       202.74300     -0.14201600      0.16129733E-04  -24238450.    
 1 0.00000000       0.00
   1600.0000   6328.6870       148.70830      -32.559600       0.0000000       0.0000000       0.0000000    
 1 0.00000000       0.00
    1    3
 Cs+
 Va                       Cs2Te                    Te
   2
   1.00000
   -1.0000   0.0000   0.00000
  1   1   1
  1   2   3
    4
    1    2    3    4    3
  -1000000.000      41.0000       0.0000000       0.0000000       0.0000000       0.0000000    
  -1000000.000        0.0000000       0.0000000       0.0000000       0.0000000       0.0000000    
  -523000.000       0.0000000       0.0000000       0.0000000       0.0000000       0.0000000    
 0
###################################################
