 System Cs-Te
   2   3   14    3    2   11
 Cs                       Te
              132.91000000             127.60000000
6    1  2  3  4  5  6  
6    1  2  3  4  5  6  
GAS                          = MIXTURE PHASE =  1
IDMX
Cs
 4  4     1.00    0.00
   1600.0000   70221.186      -34.943262      -21.012250      0.23869595E-03 -0.41704567E-07   4922.4480    
 1 0.00000000       0.00
   3400.0000   65030.962       16.037320      -28.236640      0.41988735E-02 -0.42277100E-06   522968.50    
 1 0.00000000       0.00
   5300.0000   366608.61      -1031.6439       100.10230     -0.20285495E-01  0.46132900E-06 -0.13338130E+09
 1 0.00000000       0.00
   6000.0000   21277.425      -330.32731       20.431070     -0.12545005E-01  0.33277983E-06  0.13752290E+09
 1 0.00000000       0.00
Cs2
 4  5     2.00    0.00
    700.0000   100114.05      -81.875234      -29.192100     -0.15842410E-01  0.44110350E-05  -87527.950    
 1 0.00000000       0.00
   1700.0000   76365.616       232.86867      -76.742260      0.26454175E-01 -0.26421833E-05   2135020.0    
 1 0.00000000       0.00
   3000.0000   250375.53      -857.02087       68.806630     -0.28077265E-01  0.12232853E-05  -37126965.    
 1 0.00000000       0.00
   4900.0000  -161131.90       641.49282      -115.76580      0.84194450E-02 -0.11690215E-06  0.13370865E+09
 1 0.00000000       0.00
   6000.0000  -155428.03       692.77374      -122.88900      0.10697520E-01 -0.21101800E-06  0.11397085E+09
 1 0.00000000       0.00
Cs2Te
 4  1     2.00    1.00
   6000.0000  -84295.400       33.708600      -58.196000     -0.32000000E-05  0.46500000E-09   21465.000    
  2 -0.42666700E-13   4.00  0.16700000E-17   5.00
Cs2Te2
 4  1     2.00    2.00
   6000.0000  -142735.00       104.63300      -83.141000     -0.90000000E-06  0.35000000E-10   36670.000    
 1 0.00000000       0.00
Cs2Te3
 4  1     2.00    3.00
   6000.0000  -169753.00       202.28900      -108.06600     -0.13700000E-04  0.20233400E-08   64435.000    
  2 -0.18808300E-12   4.00  0.74400000E-17   5.00
CsTe
 4  3     1.00    1.00
    900.0000   50214.100       27.503100      -46.534000      0.33341500E-02  0.22775800E-05   147835.00    
  2 -0.17215100E-08   4.00  0.37754700E-12   5.00
   2700.0000   53805.900      -3.8423800      -42.363000      0.47583000E-02 -0.12801900E-05  -307825.00    
  2  0.19991900E-09   4.00 -0.13208700E-13   5.00
   6000.0000   50765.800      -26.551100      -38.275000     -0.10286000E-02  0.12249100E-06   1963110.0    
  2 -0.79092700E-11   4.00  0.21986000E-15   5.00
CsTe2
 4  1     1.00    2.00
   6000.0000  -1041.8548       34.027400      -58.136820      0.60000000E-04 -0.15430000E-07   40665.830    
  2 -0.25384000E-11   4.00  0.18386000E-15   5.00
Te
 4  3     0.00    1.00
    500.0000   203253.65      -43.490755      -20.786000       0.0000000       0.0000000       0.0000000    
 1 0.00000000       0.00
   1000.0000   202890.83      -36.738880      -21.872700      0.14553700E-02 -0.36763167E-06   22851.600    
 1 0.00000000       0.00
   6000.0000   207495.82      -82.600489      -15.280100     -0.27208900E-02  0.12593817E-06  -577900.00    
 1 0.00000000       0.00
Te2
 4  4     0.00    2.00
    500.0000   152454.33      -19.557527      -35.700700      0.75350000E-03 -0.27257167E-05   0.0000000    
 1 0.00000000       0.00
   1000.0000   156375.72      -103.31957      -21.905300     -0.20187900E-01  0.31063000E-05  -200257.00    
 1 0.00000000       0.00
   2100.0000   134747.83       144.89094      -58.443600      0.70228000E-02 -0.66661833E-06   2176970.0    
 1 0.00000000       0.00
   6000.0000   153116.36      -3.9123818      -38.032100     -0.18016950E-02   0.0000000       0.0000000    
 1 0.00000000       0.00
Te3
 4  1     0.00    3.00
   6000.0000   185372.13       54.592443      -58.183270     -0.44297250E-05  0.17586050E-09   75005.750    
 1 0.00000000       0.00
Te4
 4  1     0.00    4.00
   6000.0000   191687.28       179.00570      -83.113780     -0.76935700E-05  0.30757867E-09   127261.65    
 1 0.00000000       0.00
Te5
 4  1     0.00    5.00
   6000.0000   187059.01       263.05525      -108.07040     -0.43339235E-05  0.17180750E-09   111272.65    
 1 0.00000000       0.00
Te6
 4  1     0.00    6.00
   6000.0000   186040.76       400.85694      -133.01600     -0.37411620E-05  0.14970055E-09   128382.55    
 1 0.00000000       0.00
Te7
 4  1     0.00    7.00
   6000.0000   206091.40       501.61041      -157.95500     -0.48513465E-05  0.19268583E-09   156512.65    
 1 0.00000000       0.00
IONIC_LIQUID                 = MIXTURE PHASE =  2
SUBI
Cs+:Va
 4  2     1.00    0.00
    301.5900  -15282.679       429.96875      -90.521258      0.20294220     -0.12790767E-03   245245.00    
  1 -0.35686700E-17   7.00
   6000.0000  -11454.038       211.72884      -46.727330      0.20432690E-01 -0.40748460E-05   181528.00    
 1 0.00000000       0.00
Cs2Te                                         *         1.00
 4  1     2.00    1.00
   6000.0000  -350241.00       282.54823      -73.043000     -0.91226000E-02  0.73432900E-06   17688.000    
 1 0.00000000       0.00
Te                                         *         1.00
 4  4    -0.00    1.00
    626.4900  -17554.731       685.87764      -126.31800      0.22194350     -0.94207500E-04   827930.00    
 1 0.00000000       0.00
    722.6600  -3165763.5       46756.357      -7196.4100       7.0977500     -0.13069283E-02  0.25805100E+09
 1 0.00000000       0.00
   1150.0000   180326.96      -1500.5791       202.74300     -0.14201600      0.16129733E-04  -24238450.    
 1 0.00000000       0.00
   1600.0000   6328.6870       148.70830      -32.559600       0.0000000       0.0000000       0.0000000    
 1 0.00000000       0.00
    1    3
 Cs+
 Va                       Cs2Te                    Te
   2
   1.00000
   1.0000   0.0000   0.00000
  1   1   1
  1   2   3
    3
    1    3    4    3
  -62848.000      -41.615000       0.0000000       0.0000000       0.0000000       0.0000000    
   50917.000       0.0000000       0.0000000       0.0000000       0.0000000       0.0000000    
  -11938.000       0.0000000       0.0000000       0.0000000       0.0000000       0.0000000    
 0
FCC_A1                       = MIXTURE PHASE =  2
SUBLM
0.333333    0.280000
Cs:Te
 4  1     1.00    1.00
   6000.0000   0.0000000       0.0000000       0.0000000       0.0000000       0.0000000       0.0000000    
 1 0.00000000       0.00
Cs:Va
 4  2     1.00    0.00
    301.5900  -16873.820       438.19979      -90.521258      0.20294220     -0.12790767E-03   245245.00    
 1 0.00000000       0.00
   2000.0000  -13053.817       219.98996      -46.727330      0.20432690E-01 -0.40748460E-05   181528.00    
  1  0.78016000E+22  -9.00
    2
   1.00000  1.00000
    1    2
 Cs
 Te                       Va
  1   1
  1   2
 0                               = end of magnetic excess parameters
 0
 BCC_A2                       = COMPOUND PHASE =       1.0000
4  2     1.00    0.00
    301.5900  -17373.820       436.89979      -90.521258      0.20294220     -0.12790767E-03   245245.00    
 1 0.00000000       0.00
   2000.0000  -13553.817       218.68995      -46.727330      0.20432690E-01 -0.40748460E-05   181528.00    
  1  0.78016000E+22  -9.00   
 B_CS2TE                      = COMPOUND PHASE =       1.0000
 4  1     2.00    1.00
   6000.0000  -373671.00       304.43623      -73.043000     -0.91226000E-02  0.73432900E-06   17688.000    
 1 0.00000000       0.00
 B_CSTE                       = COMPOUND PHASE =       1.0000
 4  4     1.00    0.96
    301.5900  -214334.71       614.26577      -124.76321      0.21814318     -0.13293847E-03   394059.40    
 1 0.00000000       0.00
    722.6600  -210514.71       396.05593      -80.969282      0.35633666E-01 -0.91056463E-05   330342.40    
  1  0.78016000E+22  -9.00
   1150.0000  -191597.65       95.923197      -34.243490     -0.14353966E-01  0.73126632E-06  -1053809.6    
  1  0.78016000E+22  -9.00
   6000.0000  -212661.91       387.92313      -77.984546      0.20432690E-01 -0.40748460E-05   181528.00    
  1  0.78016000E+22  -9.00
 CS2TE                        = COMPOUND PHASE =       1.0000
 4  1     2.00    1.00
   6000.0000  -375621.00       306.61500      -73.043000     -0.91226000E-02  0.73432900E-06   17688.000    
 1 0.00000000       0.00
 CS2TE3                       = COMPOUND PHASE =       1.0000
 4  4     2.00    3.00
    301.5900  -474915.28       1434.7823      -288.04862      0.45338745     -0.27153659E-03   955535.00    
 1 0.00000000       0.00
    722.6600  -467275.27       998.36259      -200.46076      0.88368430E-01 -0.23870943E-04   828101.00    
  1  0.15603200E+23  -9.00
   1150.0000  -408159.45       60.447791      -54.442661     -0.67842920E-01  0.68694090E-05  -3497374.0    
  1  0.15603200E+23  -9.00
   6000.0000  -473985.28       972.94759      -191.13346      0.40865380E-01 -0.81496920E-05   363056.00    
  1  0.15603200E+23  -9.00
 CS2TE5                       = COMPOUND PHASE =       1.0000
 4  4     2.00    5.00
    301.5900  -497130.04       1785.8340      -359.38602      0.48505615     -0.28201742E-03   1265565.0    
 1 0.00000000       0.00
    722.6600  -489490.03       1349.4144      -271.79816      0.12003713     -0.34351777E-04   1138131.0    
  1  0.15603200E+23  -9.00
   1150.0000  -390963.66      -213.77696      -28.434661     -0.14031512      0.16882143E-04  -6070994.0    
  1  0.15603200E+23  -9.00
   6000.0000  -500673.38       1307.0560      -256.25266      0.40865380E-01 -0.81496920E-05   363056.00    
  1  0.15603200E+23  -9.00
 CS5TE3                       = COMPOUND PHASE =       1.0000
 4  1     5.00    3.00
   6000.0000  -967568.60       892.10800      -206.82900     -0.21937000E-01   0.0000000       1040000.0    
 1 0.00000000       0.00
 CSTE                         = COMPOUND PHASE =       1.0000
 4  4     1.00    0.96
    301.5900  -217742.71       618.30377      -124.76321      0.21814318     -0.13293847E-03   394059.40    
 1 0.00000000       0.00
    722.6600  -213922.71       400.09393      -80.969282      0.35633666E-01 -0.91056463E-05   330342.40    
  1  0.78016000E+22  -9.00
   1150.0000  -195005.65       99.961197      -34.243490     -0.14353966E-01  0.73126632E-06  -1053809.6    
  1  0.78016000E+22  -9.00
   6000.0000  -216069.91       391.96113      -77.984546      0.20432690E-01 -0.40748460E-05   181528.00    
  1  0.78016000E+22  -9.00
 CSTE4                        = COMPOUND PHASE =       1.0000
 4  4     1.00    4.00
    301.5900  -261310.44       1152.6054      -233.19606      0.26627960     -0.14886934E-03   865305.00    
 1 0.00000000       0.00
    722.6600  -257490.43       934.39553      -189.40213      0.83770090E-01 -0.25036514E-04   801588.00    
  1  0.78016000E+22  -9.00
   1150.0000  -178669.34      -316.15754       5.2886696     -0.12451171      0.15950622E-04  -4965712.0    
  1  0.78016000E+22  -9.00
   6000.0000  -266437.11       900.50886      -176.96573      0.20432690E-01 -0.40748460E-05   181528.00    
  1  0.78016000E+22  -9.00
 HCP_A3                       = COMPOUND PHASE =       1.0000
4  2     1.00    0.00
    301.5900  -16873.820       438.89979      -90.521258      0.20294220     -0.12790767E-03   245245.00    
 1 0.00000000       0.00
   2000.0000  -13053.817       220.68995      -46.727330      0.20432690E-01 -0.40748460E-05   181528.00    
  1  0.78016000E+22  -9.00   
 HEXAGONAL_A8                 = COMPOUND PHASE =       1.0000
 4  3     0.00    1.00
    722.6600  -10544.679       183.37289      -35.668700      0.15834350E-01 -0.52404170E-05   155015.00    
 1 0.00000000       0.00
   1150.0000   9160.5950      -129.26537       13.004000     -0.36236100E-01  0.50063670E-05  -1286810.0    
 1 0.00000000       0.00
   1600.0000  -12781.349       174.90123      -32.559600       0.0000000       0.0000000       0.0000000    
 1 0.00000000       0.00
###################################################
