 System Zr-H
    2    7    5    2    2    2    2    2    2   11
 Zr                       H
    91.22400000               1.00794000
   6   1   2   3   4   5   6
   6   1   2   3   4   5   6
 gas_ideal
 IDMX
 H
   4  1    0.0    1.0
  6000.0000     -.29815000E-09 0.66975967E-11 -.10000000E-11 0.00000000
 0.00000000     0.00000000
 1 0.00000000       0.00
 H2
   4  4    0.0    2.0
  1000.0000     -9522.9741      78.527388     -31.357070     0.27589925E-02
 -.74639067E-06  56582.300
 1 0.00000000       0.00
  2100.0000      180.10866     -15.612826     -17.848570     -.58416800E-02
 0.31461867E-06 -1280036.0
 1 0.00000000       0.00
  6000.0000     -18840.166      92.312025     -32.050820     -.10728235E-02
 0.11428178E-07  3561002.5
 1 0.00000000       0.00
  6001.0000     -45213.865      179.58187     -42.258382     0.00000000
 0.00000000     0.00000000
 1 0.00000000       0.00
 Zr
   4  1    1.0    0.0
  6000.0000     -.29815000E-09 0.66975967E-11 -.10000000E-11 0.00000000
 0.00000000     0.00000000
 1 0.00000000       0.00
 Zr2
   4  1    2.0    0.0
  6000.0000     -.29815000E-09 0.66975967E-11 -.10000000E-11 0.00000000
 0.00000000     0.00000000
 1 0.00000000       0.00
 HZr
   4  1    1.0    1.0
  6000.0000     -.29815000E-09 0.66975967E-11 -.10000000E-11 0.00000000
 0.00000000     0.00000000
 1 0.00000000       0.00
 BCC_A2
 SUBLM
  1.00000     0.400000
 ZR:H
  16  4    1.0    3.0
  1000.0000      22740.944      243.44013     -71.197405     -.23942125E-03
 -.11195860E-05  119844.45
 1 0.00000000       0.00
  2100.0000      37295.568      102.22981     -50.934655     -.13140430E-01
 0.47192800E-06 -1885083.0
 1 0.00000000       0.00
  2128.0000      8765.1559      264.11709     -72.238030     -.59871453E-02
 0.17142267E-07  5376474.8
 1 0.00000000       0.00
  6000.0000     -9493.1693      401.19219     -90.220230     -.16092353E-02
 0.17142267E-07  5341503.8
 1 -.13428960E+32  -9.00
 0.000000     0.000000
 ZR:VA
  16  2    1.0    0.0
  2128.0000     -525.53900      124.94570     -25.607406     -.34008400E-03
 -.97290000E-08  25233.000
 1 -.76143000E-10   4.00
  6000.0000     -30705.956      264.28418     -42.144000     0.00000000
 0.00000000     0.00000000
 1 0.12760580E+33  -9.00
 0.000000     0.000000
   2
  1.00000      3.00000
   1   2
 ZR
 H                        VA
   1   1
   1   2
   0
   3
   1   2   3   2
 -474971.00      359.00000     0.00000000     0.00000000     0.00000000
 0.00000000
 -267893.00      200.00000     0.00000000     0.00000000     0.00000000
 0.00000000
   0
 ZR2H
 SUBL
 ZR:H
   4  4    2.0    1.0
  1000.0000     -66381.677      332.16179     -64.002135     -.73763238E-02
 -.37319533E-06  98233.150
 1 0.00000000       0.00
  2100.0000     -61530.136      285.09169     -57.247885     -.11676660E-01
 0.15730933E-06 -570076.00
 1 0.00000000       0.00
  2128.0000     -71040.273      339.05411     -64.349010     -.92922318E-02
 0.57140892E-08  1850443.3
 1 0.00000000       0.00
  6000.0000     -107556.92      613.20432     -100.31341     -.53641175E-03
 0.57140892E-08  1780501.3
 1 -.26857920E+32  -9.00
 ZR:VA
   4  2    2.0    0.0
  2128.0000     -15655.189      251.29810     -48.323600     -.87558200E-02
 0.00000000      69942.000
 1 0.00000000       0.00
  6000.0000     -52171.840      525.44831     -84.288000     0.00000000
 0.00000000     0.00000000
 1 -.26857920E+32  -9.00
   2
  2.00000      1.00000
   1   2
 ZR
 H                        VA
   1   1
   1   2
   0
 ZRH
 SUBL
 ZR:H
   4  4    1.0    1.0
  1000.0000     -58554.082      206.51274     -39.840335     -.29984137E-02
 -.37319533E-06  63262.150
 1 0.00000000       0.00
  2100.0000     -53702.541      159.44264     -33.086085     -.72987500E-02
 0.15730933E-06 -605047.00
 1 0.00000000       0.00
  2128.0000     -63212.678      213.40506     -40.187210     -.49143218E-02
 0.57140892E-08  1815472.3
 1 0.00000000       0.00
  6000.0000     -81471.003      350.48017     -58.169410     -.53641175E-03
 0.57140892E-08  1780501.3
 1 -.13428960E+32  -9.00
 ZR:VA
   4  2    1.0    0.0
  2128.0000     -7827.5947      125.64905     -24.161800     -.43779100E-02
 0.00000000      34971.000
 1 0.00000000       0.00
  6000.0000     -26085.920      262.72415     -42.144000     0.00000000
 0.00000000     0.00000000
 1 -.13428960E+32  -9.00
   2
  1.00000      1.00000
   1   2
 ZR
 H                        VA
   1   1
   1   2
   0
 ZRH2_DELTA
 SUBL
 ZR:H
   4  4    1.0    2.0
  1000.0000     -187840.57      412.37644     -64.988870     -.16189175E-02
 -.74639067E-06  91553.300
 1 0.00000000       0.00
  2100.0000     -178137.49      318.23622     -51.480370     -.10219590E-01
 0.31461867E-06 -1245065.0
 1 0.00000000       0.00
  2128.0000     -197157.76      426.16107     -65.682620     -.54507335E-02
 0.11428178E-07  3595973.5
 1 0.00000000       0.00
  6000.0000     -215416.09      563.23618     -83.664820     -.10728235E-02
 0.11428178E-07  3561002.5
 1 -.13428960E+32  -9.00
 ZR:VA
   4  2    1.0    0.0
  2128.0000     -227.59500      124.74905     -24.161800     -.43779100E-02
 0.00000000      34971.000
 1 0.00000000       0.00
  6000.0000     -18485.920      261.82415     -42.144000     0.00000000
 0.00000000     0.00000000
 1 -.13428960E+32  -9.00
   2
  1.00000      2.00000
   1   2
 ZR
 H                        VA
   1   1
   1   2
   3
   1   2   3   2
  14385.000     -6.0000000     0.00000000     0.00000000     0.00000000
 0.00000000
 -106445.00      87.300000     0.00000000     0.00000000     0.00000000
 0.00000000
   0
 ZRH2_EPSILON
 SUBL
 ZR:H
   4  4    1.0    2.0
  1000.0000     -185565.57      314.67644     -51.652870     -.16189175E-02
 -.74639067E-06  91553.300
 1 0.00000000       0.00
  2100.0000     -175862.49      220.53622     -38.144370     -.10219590E-01
 0.31461867E-06 -1245065.0
 1 0.00000000       0.00
  2128.0000     -194882.76      328.46107     -52.346620     -.54507335E-02
 0.11428178E-07  3595973.5
 1 0.00000000       0.00
  6000.0000     -213141.09      465.53618     -70.328820     -.10728235E-02
 0.11428178E-07  3561002.5
 1 -.13428960E+32  -9.00
 ZR:VA
   4  2    1.0    0.0
  2128.0000      772.40500      124.74905     -24.161800     -.43779100E-02
 0.00000000      34971.000
 1 0.00000000       0.00
  6000.0000     -17485.920      261.82415     -42.144000     0.00000000
 0.00000000     0.00000000
 1 -.13428960E+32  -9.00
   2
  1.00000      2.00000
   1   2
 ZR
 H                        VA
   1   1
   1   2
   3
   1   2   3   1
  19900.000     0.00000000     0.00000000     0.00000000     0.00000000
 0.00000000
   0
 ZRH_GAMMA
 SUBL
 ZR:H
   4  4    1.0    1.0
  1000.0000     -96696.582      220.16274     -37.907335     -.29984137E-02
 -.37319533E-06  63262.150
 1 0.00000000       0.00
  2100.0000     -91845.041      173.09264     -31.153085     -.72987500E-02
 0.15730933E-06 -605047.00
 1 0.00000000       0.00
  2128.0000     -101355.18      227.05506     -38.254210     -.49143218E-02
 0.57140892E-08  1815472.3
 1 0.00000000       0.00
  6000.0000     -119613.50      364.13017     -56.236410     -.53641175E-03
 0.57140892E-08  1780501.3
 1 -.13428960E+32  -9.00
 ZR:VA
   4  2    1.0    0.0
  2128.0000      772.40500      124.74905     -24.161800     -.43779100E-02
 0.00000000      34971.000
 1 0.00000000       0.00
  6000.0000     -17485.920      261.82415     -42.144000     0.00000000
 0.00000000     0.00000000
 1 -.13428960E+32  -9.00
   2
  1.00000      1.00000
   1   2
 ZR
 H                        VA
   1   1
   1   2
   0
 Zr_liquid(s)
   4  2    1.0    0.0
  2128.0000      10320.095      116.56824     -24.161800     -.43779100E-02
 0.00000000      34971.000
 1 0.16275000E-21   7.00
  6000.0000     -8281.2648      253.81260     -42.144000     0.00000000
 0.00000000     0.00000000
 1 0.00000000       0.00
 Zr_cbcc_a12(s2)
   4  3    1.0    0.0
  2128.0000     -3225.3950      125.64905     -24.161800     -.43779100E-02
 0.00000000      34971.000
 1 0.00000000       0.00
  6000.0000     -21483.721      262.72415     -42.144000     0.00000000
 0.00000000     0.00000000
 1 -.13428960E+32  -9.00
  6001.0000     -21483.853      262.72435     -42.144020     0.00000000
 0.00000000     0.00000000
 1 0.00000000       0.00
 Zr_cub_a13(s3)
   4  3    1.0    0.0
  2128.0000     -296.39499      125.64905     -24.161800     -.43779100E-02
 0.00000000      34971.000
 1 0.00000000       0.00
  6000.0000     -18554.721      262.72415     -42.144000     0.00000000
 0.00000000     0.00000000
 1 -.13428960E+32  -9.00
  6001.0000     -18554.853      262.72435     -42.144020     0.00000000
 0.00000000     0.00000000
 1 0.00000000       0.00
 Zr_fcc_a1(s4)
   4  3    1.0    0.0
  2128.0000     -227.59499      124.74905     -24.161800     -.43779100E-02
 0.00000000      34971.000
 1 0.00000000       0.00
  6000.0000     -18485.921      261.82415     -42.144000     0.00000000
 0.00000000     0.00000000
 1 -.13428960E+32  -9.00
  6001.0000     -18486.053      261.82435     -42.144020     0.00000000
 0.00000000     0.00000000
 1 0.00000000       0.00
 Zr_hcp_a3(s5)
   4  3    1.0    0.0
  2128.0000     -7827.5947      125.64905     -24.161800     -.43779100E-02
 0.00000000      34971.000
 1 0.00000000       0.00
  6000.0000     -26085.920      262.72415     -42.144000     0.00000000
 0.00000000     0.00000000
 1 -.13428960E+32  -9.00
  6001.0000     -26086.053      262.72435     -42.144020     0.00000000
 0.00000000     0.00000000
 1 0.00000000       0.00
 Zr_omega(s6)
   4  3    1.0    0.0
  2128.0000     -8878.0820      144.43223     -26.855600     -.27994460E-02
 0.00000000      38376.000
 1 0.00000000       0.00
  6000.0000     -29500.521      265.29086     -42.144000     0.00000000
 0.00000000     0.00000000
 1 0.71744500E+32  -9.00
  6001.0000     -29499.811      265.28982     -42.143893     0.00000000
 0.00000000     0.00000000
 1 0.00000000       0.00
 Zr_orthorhombic_a20(s7)
   4  3    1.0    0.0
  2128.0000      4474.4611      124.94570     -25.607406     -.34008400E-03
 -.97290000E-08  25233.000
 1 -.76143000E-10   4.00
  6000.0000     -25705.952      264.28417     -42.144000     0.00000000
 0.00000000     0.00000000
 1 0.12760580E+33  -9.00
  6001.0000     -25704.689      264.28232     -42.143810     0.00000000
 0.00000000     0.00000000
 1 0.00000000       0.00
 Zr_tetragonal_u(s8)
   4  3    1.0    0.0
  2128.0000      4474.4611      124.94570     -25.607406     -.34008400E-03
 -.97290000E-08  25233.000
 1 -.76143000E-10   4.00
  6000.0000     -25705.952      264.28417     -42.144000     0.00000000
 0.00000000     0.00000000
 1 0.12760580E+33  -9.00
  6001.0000     -25704.689      264.28232     -42.143810     0.00000000
 0.00000000     0.00000000
 1 0.00000000       0.00
 Zr3_laves_c15(s)
   4  1    3.0    0.0
  6000.0000     -.29815000E-09 0.66975967E-11 -.10000000E-11 0.00000000
 0.00000000     0.00000000
 1 0.00000000       0.00
 Zr                      #
   4  1    1.0    0.0
  6000.0000     0.00000000     0.00000000     0.00000000     0.00000000
 0.00000000     0.00000000
 1 0.00000000       0.00
 H                       #
   4  1    0.0    1.0
  6000.0000     0.00000000     0.00000000     0.00000000     0.00000000
 0.00000000     0.00000000
 1 0.00000000       0.00
