 System CA-FE-MN-S generated from TDB file by OC   6.031  2021.09.15 : 21.40
   4  11    8    9    9    3    4    2    2    4    3    2    3    2
 Ca                       Fe                       Mn
 S
               40.07800000              55.84700000              54.93800000
               32.06600000
6    1  2  3  4  5  6  
6    1  2  3  4  5  6  
GAS                          = MIXTURE PHASE =  1
IDMX
S
 4  3     0.00    0.00    0.00    1.00
   1000.0000   269797.37       2.2810291      -24.704710      0.37513720E-02 -0.54888717E-06   3450.3165    
 1 0.00000000       0.00
   3400.0000   273925.00      -38.495866      -18.817480     -0.23003530E-03 -0.11870997E-07  -570436.50    
 1 0.00000000       0.00
   6000.0000   257401.53     -0.94396721      -23.059310     -0.59854600E-06  0.20296117E-08   9368165.0    
 1 0.00000000       0.00
S2
 4  3     0.00    0.00    0.00    2.00
   1000.0000   117374.55       2.9862956      -33.096780     -0.23254640E-02  0.18548017E-06   128593.60    
 1 0.00000000       0.00
   3400.0000   117352.44       2.5038326      -33.047440     -0.21150245E-02  0.91660233E-07   175718.45    
 1 0.00000000       0.00
   6000.0000   124361.09       14.518289      -35.192300     -0.59309250E-03 -0.75425933E-08  -7484105.0    
 1 0.00000000       0.00
S3
 4  2     0.00    0.00    0.00    3.00
   1000.0000   126744.32       83.843568      -51.945610     -0.43385055E-02  0.66830033E-06   276938.30    
 1 0.00000000       0.00
   6000.0000   123958.87       118.72043      -57.162420     -0.72907900E-05  0.24256683E-09   558805.00    
 1 0.00000000       0.00
S4
 4  2     0.00    0.00    0.00    4.00
    900.0000   109847.44       203.90496      -71.679660     -0.90411550E-02  0.14714888E-05   505278.00    
 1 0.00000000       0.00
   6000.0000   104526.08       272.79356      -82.050280     -0.18281010E-04  0.61980333E-09   1023588.5    
 1 0.00000000       0.00
S5
 4  3     0.00    0.00    0.00    5.00
    900.0000   106276.07       170.26340      -73.990220     -0.35336475E-01  0.57687283E-05   227070.60    
 1 0.00000000       0.00
   2800.0000   75139.885       544.89105      -129.53700      0.78790150E-02 -0.43261033E-06   3425257.0    
 1 0.00000000       0.00
   6000.0000   114904.75       339.94576      -102.98010      0.22587700E-04 -0.79250250E-09  -7832715.0    
 1 0.00000000       0.00
S6
 4  3     0.00    0.00    0.00    6.00
   1600.0000   57214.796       523.24074      -129.18380     -0.41523560E-03 -0.42713167E-06   779118.50    
 1 0.00000000       0.00
   4200.0000   8925.7240       728.50904      -154.33630      0.20311780E-02 -0.17761350E-07   14908280.    
 1 0.00000000       0.00
   6000.0000   43158.785       657.51185      -146.39350      0.15928905E-02 -0.33460833E-07  -8046775.0    
 1 0.00000000       0.00
S7
 4  2     0.00    0.00    0.00    7.00
   1500.0000   59623.003       634.18253      -152.29390     -0.31028470E-02  0.36615317E-06   940068.00    
 1 0.00000000       0.00
   6000.0000   56671.325       666.28810      -156.95910     -0.24414170E-05  0.72853200E-10   1284129.5    
 1 0.00000000       0.00
S8
 4  4     0.00    0.00    0.00    8.00
    800.0000   45619.029       695.99667      -165.19870     -0.10988600E-01 -0.13887568E-05   753634.00    
 1 0.00000000       0.00
   1500.0000   22301.585       822.41812      -180.00910     -0.20252625E-01  0.30454300E-05   4785936.0    
 1 0.00000000       0.00
   3900.0000   28125.336       992.47020      -207.71990      0.61396350E-02 -0.25797767E-06  -2943090.0    
 1 0.00000000       0.00
   6000.0000   82396.411       766.11213      -179.34390     -0.25802190E-03  0.51717283E-08  -21845450.    
 1 0.00000000       0.00
IONIC_LIQ#1
SUBI
Ca+2:S-2
 4  3     2.00    0.00    0.00    2.00
    500.0000  -814554.31       222.27120      -32.627600     -0.22209100E-01   0.0000000      -267148.00    
 1 0.00000000       0.00
   1115.0000  -810566.29       133.89940      -17.974957     -0.45330740E-01  0.66766060E-05  -460386.00    
 1 0.00000000       0.00
   6000.0000  -831553.88       475.14820      -70.000000       0.0000000       0.0000000       0.0000000    
 1 0.00000000       0.00
Ca+2:Va
 4  3     1.00    0.00    0.00    0.00
    500.0000   5844.8460       62.483800      -16.313800     -0.11104550E-01   0.0000000      -133574.00    
 1 0.00000000       0.00
   1115.0000   7838.8560       18.297900      -8.9874787     -0.22665370E-01  0.33383030E-05  -230193.00    
 1 0.00000000       0.00
   2000.0000  -2654.9380       188.92230      -35.000000       0.0000000       0.0000000       0.0000000    
 1 0.00000000       0.00
S                                         *         2.00
 4  6    -0.00   -0.00   -0.00    2.00
    388.3600  -8003.0980       155.77937      -31.008000     -0.37258000E-01 -0.49884000E-06  -227890.00    
 1 0.00000000       0.00
    428.1500  -10570367.       236899.17      -39524.800       65.585500     -0.20442833E-01  0.52934700E+09
 1 0.00000000       0.00
    432.2500  -16349990.       639828.16      -115214.60       270.60900     -0.10599467       0.0000000    
 1 0.00000000       0.00
    453.1500  -438817.60       15517.680      -2743.7000       5.6900700     -0.20276067E-02   0.0000000    
 1 0.00000000       0.00
    717.0000   185079.74      -2672.7325       405.91600     -0.50638300      0.10376700E-03  -16404400.    
 1 0.00000000       0.00
   2000.0000  -13779.944       352.70964      -64.000000       0.0000000       0.0000000       0.0000000    
 1 0.00000000       0.00
Fe+2:S-2
 4  1     0.00    2.00    0.00    2.00
   2000.0000  -243907.604      932.35564       -156.0000       0.0000000       0.0000000       0.0000000    
 1 0.00000000       0.00
Fe+2:Va
 4  2     0.00    1.00    0.00    0.00
   1811.0000   1225.7000       124.13400      -23.514300     -0.43975200E-02 -0.58927000E-07   77359.000    
 1 0.00000000       0.00
   6000.0000  -10838.830       291.30200      -46.000000       0.0000000       0.0000000       0.0000000    
 1 0.00000000       0.00
S                                         *         2.00
 4  6    -0.00   -0.00   -0.00    2.00
    388.3600  -8003.0980       155.77937      -31.008000     -0.37258000E-01 -0.49884000E-06  -227890.00    
 1 0.00000000       0.00
    428.1500  -10570367.       236899.17      -39524.800       65.585500     -0.20442833E-01  0.52934700E+09
 1 0.00000000       0.00
    432.2500  -16349990.       639828.16      -115214.60       270.60900     -0.10599467       0.0000000    
 1 0.00000000       0.00
    453.1500  -438817.60       15517.680      -2743.7000       5.6900700     -0.20276067E-02   0.0000000    
 1 0.00000000       0.00
    717.0000   185079.74      -2672.7325       405.91600     -0.50638300      0.10376700E-03  -16404400.    
 1 0.00000000       0.00
   2000.0000  -13779.944       352.70964      -64.000000       0.0000000       0.0000000       0.0000000    
 1 0.00000000       0.00
Mn+2:S-2
 4  1     0.00    0.00    2.00    2.00
   6000.0000  -408180.00       450.12000      -94.560000     -0.88800000E-02   0.0000000       0.0000000    
 1 0.00000000       0.00
Mn+2:Va
 4  2     0.00    0.00    1.00    0.00
   1519.0000  -8115.2800       130.05900      -23.458200     -0.73476800E-02   0.0000000       69827.000    
 1 0.00000000       0.00
   6000.0000  -9993.9000       299.03600      -48.000000       0.0000000       0.0000000       0.0000000    
 1 0.00000000       0.00
S                                         *         2.00
 4  6    -0.00   -0.00   -0.00    2.00
    388.3600  -8003.0980       155.77937      -31.008000     -0.37258000E-01 -0.49884000E-06  -227890.00    
 1 0.00000000       0.00
    428.1500  -10570367.       236899.17      -39524.800       65.585500     -0.20442833E-01  0.52934700E+09
 1 0.00000000       0.00
    432.2500  -16349990.       639828.16      -115214.60       270.60900     -0.10599467       0.0000000    
 1 0.00000000       0.00
    453.1500  -438817.60       15517.680      -2743.7000       5.6900700     -0.20276067E-02   0.0000000    
 1 0.00000000       0.00
    717.0000   185079.74      -2672.7325       405.91600     -0.50638300      0.10376700E-03  -16404400.    
 1 0.00000000       0.00
   2000.0000  -13779.944       352.70964      -64.000000       0.0000000       0.0000000       0.0000000    
 1 0.00000000       0.00
    3    3
 Ca+2                     Fe+2                     Mn+2
 S-2                      Va                       S
   2
   2.0000   2.0000   2.00000
   -2.0000   -1.0000   0.00000
   1   1   1   2   2   2   3   3   3
   1   2   3   1   2   3   1   2   3
    3
    1    2    4    1
  -55000.000       0.0000000       0.0000000       0.0000000       0.0000000       0.0000000    
    3
    1    3    4    2
  -65000.000       0.0000000       0.0000000       0.0000000       0.0000000       0.0000000    
  -40000.000       0.0000000       0.0000000       0.0000000       0.0000000       0.0000000    
    3
    1    4    5    1
   17331.000       0.0000000       0.0000000       0.0000000       0.0000000       0.0000000    
    3
    1    4    6    1
   100000.00       0.0000000       0.0000000       0.0000000       0.0000000       0.0000000    
    3
    1    2    5    1
   120705.00       0.0000000       0.0000000       0.0000000       0.0000000       0.0000000    
    3
    1    3    5    1
   47000.000       0.0000000       0.0000000       0.0000000       0.0000000       0.0000000    
    3
    2    3    4    1
   20000.000       0.0000000       0.0000000       0.0000000       0.0000000       0.0000000    
    4
    2    3    4    5    3
  -100000.00       0.0000000       0.0000000       0.0000000       0.0000000       0.0000000    
  -100000.00       0.0000000       0.0000000       0.0000000       0.0000000       0.0000000    
   100000.00       0.0000000       0.0000000       0.0000000       0.0000000       0.0000000    
    4
    2    3    4    6    1
   300000.00       0.0000000       0.0000000       0.0000000       0.0000000       0.0000000    
    3
    2    4    5    2
   103758.00      -46.373400       0.0000000       0.0000000       0.0000000       0.0000000    
  -27530.000       0.0000000       0.0000000       0.0000000       0.0000000       0.0000000    
    3
    2    4    6    2
   96626.000      -43.614000       0.0000000       0.0000000       0.0000000       0.0000000    
  -145966.00       49.429000       0.0000000       0.0000000       0.0000000       0.0000000    
    3
    2    3    5    2
  -3950.0000      0.48900000       0.0000000       0.0000000       0.0000000       0.0000000    
   1145.0000       0.0000000       0.0000000       0.0000000       0.0000000       0.0000000    
    3
    3    4    5    2
   137000.00       0.0000000       0.0000000       0.0000000       0.0000000       0.0000000    
  -11400.000       0.0000000       0.0000000       0.0000000       0.0000000       0.0000000    
    3
    3    4    6    2
   96626.000      -43.614000       0.0000000       0.0000000       0.0000000       0.0000000    
  -145966.00       49.429000       0.0000000       0.0000000       0.0000000       0.0000000    
 0
 IONIC_LIQ#2
SUBI
Ca+2:S-2
 4  3     2.00    0.00    0.00    2.00
    500.0000  -814554.31       222.27120      -32.627600     -0.22209100E-01   0.0000000      -267148.00    
 1 0.00000000       0.00
   1115.0000  -810566.29       133.89940      -17.974957     -0.45330740E-01  0.66766060E-05  -460386.00    
 1 0.00000000       0.00
   6000.0000  -831553.88       475.14820      -70.000000       0.0000000       0.0000000       0.0000000    
 1 0.00000000       0.00
Ca+2:Va
 4  3     1.00    0.00    0.00    0.00
    500.0000   5844.8460       62.483800      -16.313800     -0.11104550E-01   0.0000000      -133574.00    
 1 0.00000000       0.00
   1115.0000   7838.8560       18.297900      -8.9874787     -0.22665370E-01  0.33383030E-05  -230193.00    
 1 0.00000000       0.00
   2000.0000  -2654.9380       188.92230      -35.000000       0.0000000       0.0000000       0.0000000    
 1 0.00000000       0.00
S                                         *         2.00
 4  6    -0.00   -0.00   -0.00    2.00
    388.3600  -8003.0980       155.77937      -31.008000     -0.37258000E-01 -0.49884000E-06  -227890.00    
 1 0.00000000       0.00
    428.1500  -10570367.       236899.17      -39524.800       65.585500     -0.20442833E-01  0.52934700E+09
 1 0.00000000       0.00
    432.2500  -16349990.       639828.16      -115214.60       270.60900     -0.10599467       0.0000000    
 1 0.00000000       0.00
    453.1500  -438817.60       15517.680      -2743.7000       5.6900700     -0.20276067E-02   0.0000000    
 1 0.00000000       0.00
    717.0000   185079.74      -2672.7325       405.91600     -0.50638300      0.10376700E-03  -16404400.    
 1 0.00000000       0.00
   2000.0000  -13779.944       352.70964      -64.000000       0.0000000       0.0000000       0.0000000    
 1 0.00000000       0.00
Fe+2:S-2
 4  1     0.00    2.00    0.00    2.00
   2000.0000  -243907.604      932.35564       -156.0000       0.0000000       0.0000000       0.0000000    
 1 0.00000000       0.00
Fe+2:Va
 4  2     0.00    1.00    0.00    0.00
   1811.0000   1225.7000       124.13400      -23.514300     -0.43975200E-02 -0.58927000E-07   77359.000    
 1 0.00000000       0.00
   6000.0000  -10838.830       291.30200      -46.000000       0.0000000       0.0000000       0.0000000    
 1 0.00000000       0.00
S                                         *         2.00
 4  6    -0.00   -0.00   -0.00    2.00
    388.3600  -8003.0980       155.77937      -31.008000     -0.37258000E-01 -0.49884000E-06  -227890.00    
 1 0.00000000       0.00
    428.1500  -10570367.       236899.17      -39524.800       65.585500     -0.20442833E-01  0.52934700E+09
 1 0.00000000       0.00
    432.2500  -16349990.       639828.16      -115214.60       270.60900     -0.10599467       0.0000000    
 1 0.00000000       0.00
    453.1500  -438817.60       15517.680      -2743.7000       5.6900700     -0.20276067E-02   0.0000000    
 1 0.00000000       0.00
    717.0000   185079.74      -2672.7325       405.91600     -0.50638300      0.10376700E-03  -16404400.    
 1 0.00000000       0.00
   2000.0000  -13779.944       352.70964      -64.000000       0.0000000       0.0000000       0.0000000    
 1 0.00000000       0.00
Mn+2:S-2
 4  1     0.00    0.00    2.00    2.00
   6000.0000  -408180.00       450.12000      -94.560000     -0.88800000E-02   0.0000000       0.0000000    
 1 0.00000000       0.00
Mn+2:Va
 4  2     0.00    0.00    1.00    0.00
   1519.0000  -8115.2800       130.05900      -23.458200     -0.73476800E-02   0.0000000       69827.000    
 1 0.00000000       0.00
   6000.0000  -9993.9000       299.03600      -48.000000       0.0000000       0.0000000       0.0000000    
 1 0.00000000       0.00
S                                         *         2.00
 4  6    -0.00   -0.00   -0.00    2.00
    388.3600  -8003.0980       155.77937      -31.008000     -0.37258000E-01 -0.49884000E-06  -227890.00    
 1 0.00000000       0.00
    428.1500  -10570367.       236899.17      -39524.800       65.585500     -0.20442833E-01  0.52934700E+09
 1 0.00000000       0.00
    432.2500  -16349990.       639828.16      -115214.60       270.60900     -0.10599467       0.0000000    
 1 0.00000000       0.00
    453.1500  -438817.60       15517.680      -2743.7000       5.6900700     -0.20276067E-02   0.0000000    
 1 0.00000000       0.00
    717.0000   185079.74      -2672.7325       405.91600     -0.50638300      0.10376700E-03  -16404400.    
 1 0.00000000       0.00
   2000.0000  -13779.944       352.70964      -64.000000       0.0000000       0.0000000       0.0000000    
 1 0.00000000       0.00
    3    3
 Ca+2                     Fe+2                     Mn+2
 S-2                      Va                       S
   2
   2.0000   2.0000   2.00000
   -2.0000   -1.0000   0.00000
   1   1   1   2   2   2   3   3   3
   1   2   3   1   2   3   1   2   3
    3
    1    2    4    1
  -55000.000       0.0000000       0.0000000       0.0000000       0.0000000       0.0000000    
    3
    1    3    4    2
  -65000.000       0.0000000       0.0000000       0.0000000       0.0000000       0.0000000    
  -40000.000       0.0000000       0.0000000       0.0000000       0.0000000       0.0000000    
    3
    1    4    5    1
   17331.000       0.0000000       0.0000000       0.0000000       0.0000000       0.0000000    
    3
    1    4    6    1
   100000.00       0.0000000       0.0000000       0.0000000       0.0000000       0.0000000    
    3
    1    2    5    1
   120705.00       0.0000000       0.0000000       0.0000000       0.0000000       0.0000000    
    3
    1    3    5    1
   47000.000       0.0000000       0.0000000       0.0000000       0.0000000       0.0000000    
    3
    2    3    4    1
   20000.000       0.0000000       0.0000000       0.0000000       0.0000000       0.0000000    
    4
    2    3    4    5    3
  -1000000.00       0.0000000       0.0000000       0.0000000       0.0000000       0.0000000    
  -1000000.00       0.0000000       0.0000000       0.0000000       0.0000000       0.0000000    
   1000000.00       0.0000000       0.0000000       0.0000000       0.0000000       0.0000000    
    4
    2    3    4    6    1
   300000.00       0.0000000       0.0000000       0.0000000       0.0000000       0.0000000    
    3
    2    4    5    2
   103758.00      -46.373400       0.0000000       0.0000000       0.0000000       0.0000000    
  -27530.000       0.0000000       0.0000000       0.0000000       0.0000000       0.0000000    
    3
    2    4    6    2
   96626.000      -43.614000       0.0000000       0.0000000       0.0000000       0.0000000    
  -145966.00       49.429000       0.0000000       0.0000000       0.0000000       0.0000000    
    3
    2    3    5    2
  -3950.0000      0.48900000       0.0000000       0.0000000       0.0000000       0.0000000    
   1145.0000       0.0000000       0.0000000       0.0000000       0.0000000       0.0000000    
    3
    3    4    5    2
   137000.00       0.0000000       0.0000000       0.0000000       0.0000000       0.0000000    
  -11400.000       0.0000000       0.0000000       0.0000000       0.0000000       0.0000000    
    3
    3    4    6    2
   96626.000      -43.614000       0.0000000       0.0000000       0.0000000       0.0000000    
  -145966.00       49.429000       0.0000000       0.0000000       0.0000000       0.0000000    
 0
ALABANDITE                   = MIXTURE PHASE =  2
SUBL
Ca:S
 4  2     1.00    0.00    0.00    1.00
    368.3000  -481228.96       112.62176      -11.007000     -0.26529000E-01  0.77543330E-05   0.0000000    
 1 0.00000000       0.00
   2000.0000  -482513.77       151.89692      -17.941839     -0.10895125E-01  0.14025580E-05   39910.000    
 1 0.00000000       0.00
Fe:S
 4  1     0.00    1.00    0.00    1.00
   6000.0000  -102138.00      -20.560000       1.7800000       0.0000000       0.0000000       0.0000000    
 1 0.00000000       0.00
Mn:S
 4  1     0.00    0.00    1.00    1.00
   2000.0000  -230200.00       239.00000      -47.280000     -0.44400000E-02   0.0000000       0.0000000    
 1 0.00000000       0.00
    2
   1.00000  1.00000
    3    1
 Ca                       Fe                       Mn
 S
   1   2   3
   1   1   1
    3
    1    2    4    1
   46000.000       0.0000000       0.0000000       0.0000000       0.0000000       0.0000000    
    4
    1    2    3    4    1
  -20000.000       0.0000000       0.0000000       0.0000000       0.0000000       0.0000000    
    3
    1    3    4    2
   33480.000      -7.2400000       0.0000000       0.0000000       0.0000000       0.0000000    
   3230.0000       0.0000000       0.0000000       0.0000000       0.0000000       0.0000000    
    3
    2    3    4    1
   3800.0000       0.0000000       0.0000000       0.0000000       0.0000000       0.0000000    
 0
BCC_A2                       = MIXTURE PHASE =  2
SUBLM
1.000000    0.280000
Ca:Va
 4  4     1.00    0.00    0.00    0.00
    716.0000  -7020.8520       142.97016      -28.254100      0.72326000E-02 -0.45002170E-05   60578.000    
 1 0.00000000       0.00
   1115.0000   1640.4750       1.9996940      -6.2760000     -0.16192100E-01   0.0000000      -523000.00    
 1 0.00000000       0.00
   3000.0000  -142331.10       1023.5490      -143.87270      0.32543127E-01 -0.17040790E-05   25353771.    
 1 0.00000000       0.00
   3001.0000   321.63000       189.43306      -35.000000       0.0000000       0.0000000       0.0000000    
 1 0.00000000       0.00
Fe:Va
16  2     0.00    1.00    0.00    0.00
   1811.0000   1225.7000       124.13400      -23.514300     -0.43975200E-02 -0.58927000E-07   77359.000    
 1 0.00000000       0.00
   6000.0000  -25383.581       299.31255      -46.000000       0.0000000       0.0000000       0.0000000    
  1  0.22960300E+32  -9.00
  1043.0000      2.2200000    
Mn:Va
16  2     0.00    0.00    1.00    0.00
   1519.0000  -23188.830       307.70430      -48.000000       0.0000000       0.0000000       0.0000000    
  1  0.12651520E+31  -9.00
   2000.0000   5544.5800      -4.5605000       0.0000000       0.0000000       0.0000000       0.0000000    
  1 -0.39169500E+30  -9.00
 -580.00000    -0.27000000    
S:Va
 4  2     0.00    0.00    0.00    1.00
    368.3000   99771.044       55.401762      -11.007000     -0.26529000E-01  0.77543330E-05   0.0000000    
 1 0.00000000       0.00
   1301.0000   98486.231       94.676922      -17.941839     -0.10895125E-01  0.14025580E-05   39910.000    
 1 0.00000000       0.00
    2
   1.00000  3.00000
    4    1
 Ca                       Fe                       Mn
 S
 Va
   1   2   3   4
   1   1   1   1
    3
    2    3    5    1
     123.000       0.000
 0                               = end of magnetic excess parameters
    3
    1    2    5    1
   120705.00       0.0000000       0.0000000       0.0000000       0.0000000       0.0000000    
    3
    1    3    5    1
   60000.000       0.0000000       0.0000000       0.0000000       0.0000000       0.0000000    
    3
    2    3    5    1
  -2759.0000       1.2370000       0.0000000       0.0000000       0.0000000       0.0000000    
    3
    2    3    5    1
   123.00000       0.0000000       0.0000000       0.0000000       0.0000000       0.0000000    
    3
    2    4    5    1
  -119675.00      -18.720100       0.0000000       0.0000000       0.0000000       0.0000000    
 0
CBCC_A12                     = MIXTURE PHASE =  2
SUBLM
0.333333    0.280000
Fe:Va
 4  2     0.00    1.00    0.00    0.00
   1811.0000   5970.7000       124.13400      -23.514300     -0.43975200E-02 -0.58927000E-07   77359.000    
 1 0.00000000       0.00
   6000.0000  -20638.581       299.31255      -46.000000       0.0000000       0.0000000       0.0000000    
  1  0.22960310E+32  -9.00
Mn:Va
16  2     0.00    0.00    1.00    0.00
   1519.0000  -8115.2800       130.05900      -23.458200     -0.73476800E-02   0.0000000       69827.000    
 1 0.00000000       0.00
   2000.0000  -28733.410       312.26480      -48.000000       0.0000000       0.0000000       0.0000000    
  1  0.16568470E+31  -9.00
 -285.00000    -0.66000000    
    2
   1.00000  1.00000
    2    1
 Fe                       Mn
 Va
   1   2
   1   1
 0                               = end of magnetic excess parameters
    3
    1    2    3    1
  -10184.000       0.0000000       0.0000000       0.0000000       0.0000000       0.0000000    
 0
CUB_A13                      = MIXTURE PHASE =  2
SUBL
Fe:Va
 4  2     0.00    1.00    0.00    0.00
   1811.0000   4970.7000       124.13400      -23.514300     -0.43975200E-02 -0.58927000E-07   77359.000    
 1 0.00000000       0.00
   6000.0000  -21638.581       299.31255      -46.000000       0.0000000       0.0000000       0.0000000    
  1  0.22960310E+32  -9.00
Mn:Va
 4  2     0.00    0.00    1.00    0.00
   1519.0000  -28290.760       311.29330      -48.000000       0.0000000       0.0000000       0.0000000    
  1  0.39675700E+31  -9.00
   2000.0000   442.65000     -0.97150000       0.0000000       0.0000000       0.0000000       0.0000000    
  1  0.23107230E+31  -9.00
    2
   1.00000  1.00000
    2    1
 Fe                       Mn
 Va
   1   2
   1   1
    3
    1    2    3    1
  -11518.000       2.8190000       0.0000000       0.0000000       0.0000000       0.0000000    
 0
FCC_A1                       = MIXTURE PHASE =  2
SUBLM
0.333333    0.280000
Ca:Va
 4  3     1.00    0.00    0.00    0.00
   1115.0000  -4955.0620       72.794266      -16.313800     -0.11104550E-01   0.0000000      -133574.00    
 1 0.00000000       0.00
   3000.0000  -107304.43       799.98207      -114.29225      0.23733814E-01 -0.12438000E-05   18245540.    
 1 0.00000000       0.00
   3001.0000  -3703.1200       192.63995      -35.000000       0.0000000       0.0000000       0.0000000    
 1 0.00000000       0.00
Fe:Va
16  2     0.00    1.00    0.00    0.00
   1811.0000  -236.70000       132.41600      -24.664300     -0.37575200E-02 -0.58927000E-07   77359.000    
 1 0.00000000       0.00
   6000.0000  -27097.396       300.25256      -46.000000       0.0000000       0.0000000       0.0000000    
  1  0.27885400E+32  -9.00
 -201.00000     -2.1000000    
Mn:Va
16  2     0.00    0.00    1.00    0.00
   1519.0000  -26070.100       309.66640      -48.000000       0.0000000       0.0000000       0.0000000    
  1  0.38619600E+31  -9.00
   2000.0000   2663.3100      -2.5984000       0.0000000       0.0000000       0.0000000       0.0000000    
  1  0.22051130E+31  -9.00
 -1620.0000     -1.8600000    
S:Va
 4  2     0.00    0.00    0.00    1.00
    368.3000   99771.044       55.401762      -11.007000     -0.26529000E-01  0.77543330E-05   0.0000000    
 1 0.00000000       0.00
   1301.0000   98486.231       94.676922      -17.941839     -0.10895125E-01  0.14025580E-05   39910.000    
 1 0.00000000       0.00
    2
   1.00000  1.00000
    4    1
 Ca                       Fe                       Mn
 S
 Va
   1   2   3   4
   1   1   1   1
    3
    2    3    5    2
   -2282.000       0.000
   -2068.000       0.000
 0                               = end of magnetic excess parameters
    3
    1    2    5    1
   120705.00       0.0000000       0.0000000       0.0000000       0.0000000       0.0000000    
    3
    1    3    5    1
   60000.000       0.0000000       0.0000000       0.0000000       0.0000000       0.0000000    
    3
    2    3    5    2
  -7762.0000       3.8650000       0.0000000       0.0000000       0.0000000       0.0000000    
  -259.00000       0.0000000       0.0000000       0.0000000       0.0000000       0.0000000    
    3
    2    3    5    2
  -2282.0000       0.0000000       0.0000000       0.0000000       0.0000000       0.0000000    
  -2068.0000       0.0000000       0.0000000       0.0000000       0.0000000       0.0000000    
    3
    2    4    5    1
  -108733.00      -18.000000       0.0000000       0.0000000       0.0000000       0.0000000    
 0
HCP_A3                       = MIXTURE PHASE =  2
SUBLM
0.333333    0.280000
Ca:Va
 4  3     1.00    0.00    0.00    0.00
   1115.0000  -4455.0620       73.494266      -16.313800     -0.11104550E-01   0.0000000      -133574.00    
 1 0.00000000       0.00
   3000.0000  -106804.43       800.68207      -114.29225      0.23733814E-01 -0.12438000E-05   18245540.    
 1 0.00000000       0.00
   3001.0000  -3203.1200       193.33995      -35.000000       0.0000000       0.0000000       0.0000000    
 1 0.00000000       0.00
Fe:Va
 4  2     0.00    1.00    0.00    0.00
   1811.0000   1225.7000       124.13400      -23.514300     -0.43975200E-02 -0.58927000E-07   77359.000    
 1 0.00000000       0.00
   6000.0000  -29340.780       304.56206      -46.000000       0.0000000       0.0000000       0.0000000    
  1  0.27885400E+32  -9.00
Mn:Va
16  2     0.00    0.00    1.00    0.00
   1519.0000  -4439.3000       133.00700      -24.517700     -0.60000000E-02   0.0000000       69600.000    
 1 0.00000000       0.00
   2000.0000  -27070.100       310.78940      -48.000000       0.0000000       0.0000000       0.0000000    
  1  0.38619600E+31  -9.00
 -1620.0000     -1.8600000    
    2
   1.00000  0.50000
    3    1
 Ca                       Fe                       Mn
 Va
   1   2   3
   1   1   1
 0                               = end of magnetic excess parameters
    3
    1    3    4    1
   60000.000       0.0000000       0.0000000       0.0000000       0.0000000       0.0000000    
    3
    2    3    4    2
  -5582.0000       3.8650000       0.0000000       0.0000000       0.0000000       0.0000000    
   273.00000       0.0000000       0.0000000       0.0000000       0.0000000       0.0000000    
 0
PYRITE                       = MIXTURE PHASE =  2
SUBL
Fe:S
 4  2     0.00    1.00    0.00    2.00
   1811.0000  -176537.30       172.70100      -23.514300     -0.43975200E-02 -0.58927000E-07   77359.000    
 1 0.00000000       0.00
   6000.0000  -203146.58       347.87955      -46.000000       0.0000000       0.0000000       0.0000000    
  1  0.22960300E+32  -9.00
Mn:S
 4  2     0.00    0.00    1.00    2.00
    368.3000  -234457.91       107.12852      -22.014000     -0.53058000E-01  0.15508666E-04   0.0000000    
 1 0.00000000       0.00
   2000.0000  -237027.54       185.67884      -35.883678     -0.21790250E-01  0.28051160E-05   79820.000    
 1 0.00000000       0.00
    2
   1.00000  2.00000
    2    1
 Fe                       Mn
 S
   1   2
   1   1
    3
    1    2    3    1
   15000.000       0.0000000       0.0000000       0.0000000       0.0000000       0.0000000    
 0
PYRRHOTITE                   = MIXTURE PHASE =  2
SUBL
Fe:S
 4  1     0.00    1.00    0.00    1.00
   6000.0000  -107518.00      -18.190000       1.7800000       0.0000000       0.0000000       0.0000000    
 1 0.00000000       0.00
Mn:S
 4  1     0.00    0.00    1.00    1.00
   6000.0000  -213200.00       239.00000      -47.280000     -0.44400000E-02   0.0000000       0.0000000    
 1 0.00000000       0.00
Va:S
 4  2     0.00    0.00    0.00    1.00
    368.3000   253371.04       55.401762      -11.007000     -0.26529000E-01  0.77543330E-05   0.0000000    
 1 0.00000000       0.00
   6000.0000   252086.23       94.676922      -17.941839     -0.10895125E-01  0.14025580E-05   39910.000    
 1 0.00000000       0.00
    2
   1.00000  1.00000
    3    1
 Fe                       Mn                       Va
 S
   1   2   3
   1   1   1
    3
    1    3    4    2
  -407000.00       10.000000       0.0000000       0.0000000       0.0000000       0.0000000    
   60000.000       20.000000       0.0000000       0.0000000       0.0000000       0.0000000    
    3
    1    2    4    1
   0.0000000       0.0000000       0.0000000       0.0000000       0.0000000       0.0000000    
 0
 MONOCLINIC                   = COMPOUND PHASE =       1.0000
 4  3     0.00    0.00    0.00    1.00
    388.3600  -5725.4220       89.544275      -17.413000     -0.99393500E-02 -0.70062000E-07   1250.0000    
 1 0.00000000       0.00
   1300.0000  -7455.0080       114.78294      -21.153140     -0.85661630E-02  0.11124840E-05   122167.00    
 1 0.00000000       0.00
   1301.0000  -11779.415       186.69906      -32.000000       0.0000000       0.0000000       0.0000000    
 1 0.00000000       0.00
 ORTHORHOMBIC_S               = COMPOUND PHASE =       1.0000
 4  2     0.00    0.00    0.00    1.00
    368.3000  -5228.9560       55.401762      -11.007000     -0.26529000E-01  0.77543330E-05   0.0000000    
 1 0.00000000       0.00
   1301.0000  -6513.7690       94.676922      -17.941839     -0.10895125E-01  0.14025580E-05   39910.000    
 1 0.00000000       0.00
###################################################
