 System O-H
    2    1    9    2
 O                        H
    15.99940000               1.00794000
   6   1   2   3   4   5   6
   6   1   2   3   4   5   6
 gas_ideal
 IDMX
 H
   4  1    0.0    1.0
  6000.0000      211801.65      24.500245     -20.786000     0.00000000
 0.00000000     0.00000000
 1 0.00000000       0.00
 H2
   4  4    0.0    2.0
  1200.0000     -13779.823     -17.824781     -19.825631     -.15388637E-02
 -.23830749E-06  147589.95
 1  779.44498       0.50
  4100.0000      330318.97     -121.44530     -14.387460     -.10320538E-02
 0.00000000     -10416577.
 2 -74353.404      99.00  8539.3383       0.50
  6000.0000      5123954.0     -941.72642      42.957060     0.00000000
 0.00000000     -.36536589E+09
 2 -931953.90      99.00  68151.779       0.50
  6001.0000     -43508.638      176.80798     -41.974318     0.00000000
 0.00000000     0.00000000
 1 0.00000000       0.00
 O
   4  3    1.0    0.0
  2200.0000      242682.20     -30.020448     -19.964968     -.13194946E-03
 0.61589319E-08 -29327.439
 1  83.809856       0.50
  6000.0000     -84471.471      186.78944     -38.050669     0.00000000
 0.00000000      12120739.
 2  70811.436      99.00 -8330.8535       0.50
  6001.0000      236685.00     -8.3771889     -22.291487     0.00000000
 0.00000000     0.00000000
 1 0.00000000       0.00
 O2
   4  4    2.0    0.0
  1000.0000     -5219.3324     -12.179856     -26.924057     -.84893408E-02
 0.11276942E-05 -114664.63
 1 -316.64663       0.50
  4000.0000     -389938.78      638.67678     -89.681327     0.72372244E-03
 0.00000000      9341343.0
 2 -16506.149       0.50  95803.960      99.00
  6000.0000     -8951197.1      2742.7612     -249.17312     0.00000000
 0.00000000     0.59248921E+09
 2 -139742.68       0.50  1674792.2      99.00
  6001.0000     -42014.302      116.92408     -44.371534     0.00000000
 0.00000000     0.00000000
 1 0.00000000       0.00
 O3
   4  3    3.0    0.0
  1900.0000      200310.28      315.13014     -76.555764     0.46115697E-02
 -.32267167E-06 -821844.45
 1 -15871.007      99.00
  6000.0000     -95706.532      344.94952     -73.713624     0.00000000
 0.00000000      9320171.5
 2  47079.583      99.00 -6138.3410       0.50
  6001.0000      107048.81      191.83924     -61.231023     0.00000000
 0.00000000     0.00000000
 1 0.00000000       0.00
 OH
   4  4    1.0    1.0
  1300.0000      15124.539     -53.228376     -20.563267     -.36262413E-02
 0.34198989E-07  189112.08
 1  3436.3138      99.00
  4000.0000      349207.50     -117.24675     -20.415378     -.46215318E-03
 0.00000000     -9626333.3
 2 -69526.518      99.00  7577.0060       0.50
  6000.0000     -1183915.3      523.77324     -73.005362     0.00000000
 0.00000000      79896619.
 2  230246.83      99.00 -20920.359       0.50
  6001.0000      6770.0965      99.135663     -39.420964     0.00000000
 0.00000000     0.00000000
 1 0.00000000       0.00
 H2O
   4  4    1.0    2.0
  1100.0000     -255475.81     -15.282587     -25.781640     -.74748581E-02
 0.92059316E-07  13999.660
 1  1107.2718      99.00
  4000.0000      152152.28      164.70757     -53.145789     -.80540038E-04
 0.00000000     -12075583.
 2 -83128.276      99.00  5947.3700       0.50
  6000.0000     -4469439.5      1472.4424     -155.19083     0.00000000
 0.00000000     0.29826420E+09
 2  778290.99      99.00 -64372.340       0.50
  6001.0000     -302989.76      260.62247     -60.574924     0.00000000
 0.00000000     0.00000000
 1 0.00000000       0.00
 HOO
   4  3    2.0    1.0
  2100.0000      15697.283      255.13384     -62.913975     -.11689159E-02
 0.00000000     -405639.23
 2 -2663.7114      99.00 -1996.0491       0.50
  6000.0000      1105560.9     -244.54895     -24.892588     0.00000000
 0.00000000     -42897102.
 2 -231446.38      99.00  22310.750       0.50
  6001.0000     -41569.824      209.48530     -60.708998     0.00000000
 0.00000000     0.00000000
 1 0.00000000       0.00
 HOOH
   4  2    2.0    2.0
  1500.0000     -85550.955      331.73213     -78.314851     0.26315727E-02
 -.53029881E-06 -685226.23
 1 -14710.134      99.00
  1501.0000     -166774.40      243.96699     -68.381500     0.00000000
 0.00000000     0.00000000
 1 0.00000000       0.00
 H2                      #
   4  1    0.0    2.0
  6001.0000     0.00000000     0.00000000     0.00000000     0.00000000
 0.00000000     0.00000000
 1 0.00000000       0.00
 O2                      #
   4  1    2.0    0.0
  6001.0000     0.00000000     0.00000000     0.00000000     0.00000000
 0.00000000     0.00000000
 1 0.00000000       0.00
