 System Cs-F-Li
    3    2    6    3    9
 Cs                       F                        Li
   132.90545190              18.99840320               6.94100000
   6   1   2   3   4   5   6
   6   1   2   3   4   5   6
 gas_ideal
 IDMX
 F2
   4  4    0.0    2.0    0.0
  1600.0000     -354.82299      222.97867     -56.401419     0.37116482E-02
 -.31811563E-06 -119091.51
 1 -1777.8761       0.50
  4000.0000      2556809.6     -2073.9671      142.79475     -.14325127E-02
     0.00000000 -82061625.
 2 -580689.05      99.00  76067.590       0.50
  6000.0000     -3352436.1      408.41454     -59.821707         0.00000000
     0.00000000 0.24958276E+09
 2  581650.71      99.00 -35316.873       0.50
  6000.0000      26821.582     -29.344782     -28.913066         0.00000000
     0.00000000     0.00000000
 1     0.00000000   0.00
 FLi
   1  2    0.0    1.0    1.0
  6000.0000     -351581.57      37.441358     -35.397917     -.93533200E-03
 0.27571767E-07     0.00000000
  6000.0000     -361431.52      80.296847     -40.666399         0.00000000
     0.00000000     0.00000000
 F2Li2
   1  2    0.0    2.0    2.0
  6000.0000     -967378.47      306.94034     -83.093630     -.50000000E-05
     0.00000000  1085365.0
  6000.0000     -966834.89      306.84730     -83.093332         0.00000000
     0.00000000     0.00000000
 F3Li3
   1  2    0.0    3.0    3.0
  6000.0000     -1576798.2      594.65817     -132.92431     -.15000000E-04
     0.00000000  1873500.3
  6000.0000     -1576089.2      595.16248     -133.00023         0.00000000
     0.00000000     0.00000000
 Cs2
   1  4    2.0    0.0    0.0
  700.00000      98106.946     -81.822309     -29.201000     -.15828000E-01
 0.44071667E-05 -87450.000
  1700.0000      74344.237      233.03999     -76.767000     0.26470000E-01
 -.26440000E-05  2136950.0
  3000.0000      248415.40     -857.24846      68.836000     -.28085500E-01
 0.12236667E-05 -37139650.
  3000.0000      78282.370      8.3032661     -41.852254         0.00000000
     0.00000000     0.00000000
 CsF
   1  2    1.0    1.0    0.0
  6000.0000     -368198.94      8.2423133     -37.386370     -.28500000E-03
     0.00000000  78540.795
  6000.0000     -378406.58      37.950149     -40.802007         0.00000000
     0.00000000     0.00000000
 LIQUsoln
 SUBQ
   2   2
 Li//F
   1  1    0.0    1.0    1.0
  6000.0001     -617790.20      386.90980     -64.183000         0.00000000
     0.00000000     0.00000000
  1.00000      1.00000         0.000000     0.000000     0.000000
  2.40000
 Cs//F
   1  1    1.0    1.0    0.0
  6000.0001     -555751.55      364.38864     -70.560000         0.00000000
     0.00000000     0.00000000
  1.00000      1.00000         0.000000     0.000000     0.000000
  2.40000
   2   1
 Li                       Cs
 F
  1.00000      1.00000
   1   1
  1.00000
   1
   1   2
   1   1
   1   1   3   3  6.0000000      6.0000000      6.0000000      6.0000000
   2   2   3   3  6.0000000      6.0000000      6.0000000      6.0000000
   3
 G   1   2   3   3   0   0   0   0
     0.00000000   1.00     0.00000000   1.00     0.00000000   1.00
     0.00000000   0.00     0.00000000   0.00     0.00000000   0.00
   0   0 -5062.1700     0.10454800         0.00000000     0.00000000
     0.00000000     0.00000000
   3
 G   1   2   3   3   0   1   0   0
     0.00000000   1.00     0.00000000   1.00     0.00000000   1.00
     0.00000000   0.00     0.00000000   0.00     0.00000000   0.00
   0   0  1356.1310     -1.1660600         0.00000000     0.00000000
     0.00000000     0.00000000
   0
 FLi_solid(s)
   1  2    0.0    1.0    1.0
  2500.0000     -632481.90      262.49310     -43.308980     -.81560840E-02
 -.84117330E-07  284561.80
  2500.0000     -688259.46      606.96931     -87.152740         0.00000000
     0.00000000     0.00000000
 CsF_solid(s)
   1  2    1.0    1.0    0.0
  2500.0000     -562808.12      85.035425     -24.291000     -.32303500E-01
     0.00000000 -294990.50
  2500.0000     -765176.98      1349.6359     -185.90290         0.00000000
     0.00000000     0.00000000
 CsF2Li_S1(s)
   1  2    1.0    2.0    1.0
  752.00000     -1198264.0      346.98857     -67.599980     -.40459584E-01
 -.84117330E-07 -10428.700
  6000.0000     -1221342.2      752.31889     -128.77300         0.00000000
     0.00000000     0.00000000
 CsF2Li_S2(s2)
   1  3    1.0    2.0    1.0
  752.00000     -1211342.2      739.02102     -128.77300         0.00000000
     0.00000000     0.00000000
  770.00000     -1188264.0      333.69070     -67.599980     -.40459584E-01
 -.84117330E-07 -10428.700
  770.00005     -1212460.3      750.23746     -130.24216         0.00000000
     0.00000000     0.00000000
 Li_solid(s)             #
   4  3    0.0    0.0    1.0
  453.69000     -3853.5254      46.068939     -9.6044006     -.20498280E-01
     0.00000000 -124058.57
 1     0.00000000   0.00
  1000.0000     -1525604.3      6985.0554     -704.44799     0.50410253E-01
     0.00000000  19563982.
 2  491701.07      99.00 -129758.32       0.50
  1001.0000     -7248.2179      157.16855     -28.000000         0.00000000
     0.00000000     0.00000000
 1     0.00000000   0.00
 F2(g)                   #
   4  4    0.0    2.0    0.0
  1600.0000     -354.82340      222.97867     -56.401419     0.37116482E-02
 -.31811563E-06 -119091.51
 1 -1777.8761       0.50
  4000.0000      2556809.6     -2073.9671      142.79475     -.14325127E-02
     0.00000000 -82061625.
 2 -580689.05      99.00  76067.590       0.50
  6000.0000     -3352436.1      408.41455     -59.821707         0.00000000
     0.00000000 0.24958276E+09
 2  581650.71      99.00 -35316.873       0.50
  6000.0000      26821.579     -29.344780     -28.913066         0.00000000
     0.00000000     0.00000000
 1     0.00000000   0.00
 Cs_solid(s)             #
   4  2    1.0    0.0    0.0
  500.00000     -48805.930      94.519534     -28.636395     -.18924831E-02
     0.00000000  958526.28
 1  7167.4807      99.00
  501.00005     -8304.9038      120.18039     -31.000000         0.00000000
     0.00000000     0.00000000
 1     0.00000000   0.00
 CsF(s)                  #
   1  1    1.0    1.0    0.0
  6001.0000         0.00000000     0.00000000     0.00000000     0.00000000
     0.00000000     0.00000000
 LiF(s)                  #
   1  1    0.0    1.0    1.0
  6001.0000         0.00000000     0.00000000     0.00000000     0.00000000
     0.00000000     0.00000000
