 System Cs-I-K-F
    4    3    0    9    2    9
 Cs                       I                        K
 F
   132.90545190             126.90447000              39.09830000
    18.99840320
   6   1   2   3   4   5   6
   6   1   2   3   4   5   6
 Liquid
 SUBQ
   4   5
 KI                           0.000000    0.000000
   4  1           0.00000    1.00000    1.00000    0.00000
  6000.0000     -329319.14      592.51128     -105.50000         0.00000000
     0.00000000     0.00000000
 1     0.00000000   0.00
  1.00000      1.00000         0.000000     0.000000     0.000000
  2.40000
 CsI                          0.000000    0.000000
   4  1           1.00000    1.00000    0.00000    0.00000
  6000.0000     -354055.36      365.51911     -74.268000         0.00000000
     0.00000000     0.00000000
 1     0.00000000   0.00
  1.00000      1.00000         0.000000     0.000000     0.000000
  2.40000
 CsF                          0.000000    0.000000
   4  1           1.00000    0.00000    0.00000    1.00000
  6000.0000     -555751.55      364.38864     -70.560000         0.00000000
     0.00000000     0.00000000
 1     0.00000000   0.00
  1.00000      1.00000         0.000000     0.000000     0.000000
  2.40000
 KF                           0.000000    0.000000
   4  1           0.00000    0.00000    1.00000    1.00000
  6000.0000     -575830.74      414.22351     -71.965000         0.00000000
     0.00000000     0.00000000
 1     0.00000000   0.00
  1.00000      1.00000         0.000000     0.000000     0.000000
  2.40000
   2   2
 K                        Cs
 I                        F
  1.00000      1.00000
   1   1
  1.00000      1.00000
   1   1
   1   2   2   1
   1   1   2   2
   1   1   3   3  6.0000000      6.0000000      6.0000000      6.0000000
   2   2   3   3  6.0000000      6.0000000      6.0000000      6.0000000
   2   2   4   4  6.0000000      6.0000000      6.0000000      6.0000000
   1   1   4   4  6.0000000      6.0000000      6.0000000      6.0000000
   1   2   3   3  6.0000000      6.0000000      6.0000000      6.0000000
   3
 G   1   2   3   3   1   0   0   0
     0.00000000   1.00     0.00000000   1.00     0.00000000   1.00
     0.00000000   0.00     0.00000000   0.00     0.00000000   0.00
   0   0  7909.4016     -14.321594         0.00000000     0.00000000
     0.00000000     0.00000000
   3
 G   1   2   3   3   0   0   0   0
     0.00000000   1.00     0.00000000   1.00     0.00000000   1.00
     0.00000000   0.00     0.00000000   0.00     0.00000000   0.00
   0   0 -1000.0000         0.00000000     0.00000000     0.00000000
     0.00000000     0.00000000
   3
 G   1   2   3   3   0   1   0   0
     0.00000000   1.00     0.00000000   1.00     0.00000000   1.00
     0.00000000   0.00     0.00000000   0.00     0.00000000   0.00
   0   0  5182.5389     -5.4795584         0.00000000     0.00000000
     0.00000000     0.00000000
   4
 R   1   2   3   4   1   0   0   0
     0.00000000   1.00     0.00000000   1.00     0.00000000   1.00
     0.00000000   0.00     0.00000000   0.00     0.00000000   0.00
   1   4  20000.000     -10.000000         0.00000000     0.00000000
     0.00000000     0.00000000
   4
 R   1   2   3   4   0   0   0   0
     0.00000000   1.00     0.00000000   1.00     0.00000000   1.00
     0.00000000   0.00     0.00000000   0.00     0.00000000   0.00
   0   0 -1500.0000         0.00000000     0.00000000     0.00000000
     0.00000000     0.00000000
   4
 R   1   2   3   4   1   0   0   0
     0.00000000   1.00     0.00000000   1.00     0.00000000   1.00
     0.00000000   0.00     0.00000000   0.00     0.00000000   0.00
   2   3 -8000.0000         0.00000000     0.00000000     0.00000000
     0.00000000     0.00000000
   0
 KFCsIsoln
 QKTO
 KF                           0.000000    0.000000
   4  2           0.00000    0.00000    1.00000    1.00000
  2000.0000     -589729.49      384.19527     -68.757414     0.28878441E-01
 -.12567476E-04  383359.17
 1 0.19904689E-08   4.00
  6000.0001     -588980.71      368.02292     -63.586378         0.00000000
     0.00000000     0.00000000
 1     0.00000000   0.00
  1.00000      1
 CsI                          0.000000    0.000000
   4  2           1.00000    1.00000    0.00000    0.00000
  6000.0000     -361484.74      176.75167     -43.815000     -.10920000E-01
 -.41600000E-06 -100100.00
 1     0.00000000   0.00
  6000.0001     -1114095.5      2143.4244     -264.71656         0.00000000
     0.00000000     0.00000000
 1     0.00000000   0.00
  1.00000      1
   2
   1   2   0   1  25000.000         0.00000000     0.00000000     0.00000000
     0.00000000     0.00000000
   0
 KF_solid(s)
   4  2           0.00000    0.00000    1.00000    1.00000
  2000.0000     -589729.49      384.19527     -68.757414     0.28878441E-01
 -.12567476E-04  383359.17
 1 0.19904689E-08   4.00
  2000.0001     -588980.71      368.02291     -63.586378         0.00000000
     0.00000000     0.00000000
 1     0.00000000   0.00
 KI_Rocksalt_B1_cF8_(2(s)
   4  2           0.00000    1.00000    1.00000    0.00000
  2000.0000     -339111.28      159.55816     -38.835888     -.14459904E-01
     0.00000000 -246437.60
 1     0.00000000   0.00
  2000.0000     -397443.77      600.31284     -96.798723         0.00000000
     0.00000000     0.00000000
 1     0.00000000   0.00
 KI_B2_cP2_(221)_Pm-3(s2)
   4  2           0.00000    1.00000    1.00000    0.00000
  2000.0000     -324111.28      159.55816     -38.835888     -.14459904E-01
     0.00000000 -246437.60
 1     0.00000000   0.00
  2000.0000     -382443.77      600.31284     -96.798723         0.00000000
     0.00000000     0.00000000
 1     0.00000000   0.00
 CsF_solid(s)
   4  2           1.00000    0.00000    0.00000    1.00000
  6000.0000     -562808.12      85.035425     -24.291000     -.32303500E-01
     0.00000000 -294990.50
 1     0.00000000   0.00
  6000.0001     -1725930.8      3457.4999     -411.94939         0.00000000
     0.00000000     0.00000000
 1     0.00000000   0.00
 CsI_solid(s)
   4  2           1.00000    1.00000    0.00000    0.00000
  6000.0000     -361484.74      176.75167     -43.815000     -.10920000E-01
 -.41600000E-06 -100100.00
 1     0.00000000   0.00
  6001.0000     -1114095.5      2143.4244     -264.71656         0.00000000
     0.00000000     0.00000000
 1     0.00000000   0.00
 F2(g)                   #
   4  4           0.00000    0.00000    0.00000    2.00000
  1600.0000     -354.82340      222.97867     -56.401419     0.37116482E-02
 -.31811563E-06 -119091.51
 1 -1777.8761       0.50
  4000.0000      2556809.6     -2073.9671      142.79475     -.14325127E-02
     0.00000000 -82061625.
 2 -580689.05      99.00  76067.590       0.50
  6000.0000     -3352436.1      408.41455     -59.821707         0.00000000
     0.00000000 0.24958276E+09
 2  581650.71      99.00 -35316.873       0.50
  6000.0000      26821.579     -29.344780     -28.913066         0.00000000
     0.00000000     0.00000000
 1     0.00000000   0.00
 K_solid(s)              #
   4  4           0.00000    0.00000    1.00000    0.00000
  400.00000      4578938.5      21051.717     -2842.0637      1.2013187
     0.00000000 -62368327.
 1 -1043329.6      99.00
  1039.5000      3223.3261      230.66797     -44.375754     0.13402586E-01
 -.25389940E-05 -199697.85
 1 -2842.2592      99.00
  1500.0000      1190.0430      44.144047     -17.445403     -.54434916E-02
     0.00000000 -997310.30
 1     0.00000000   0.00
  1501.0000      5276.2559      66.120194     -22.000000         0.00000000
     0.00000000     0.00000000
 1     0.00000000   0.00
 I2_solid(s)             #
   4  3           0.00000    2.00000    0.00000    0.00000
  700.00000      1528805.2     -10284.673      1043.2308     -.18591166
     0.00000000 -16125321.
 2 -555394.03      99.00  171760.27       0.50
  1000.0000     -23762.336      427.16112     -80.669000         0.00000000
     0.00000000     0.00000000
 1     0.00000000   0.00
  1001.0000      16906.664      105.56062     -40.000000         0.00000000
     0.00000000     0.00000000
 1     0.00000000   0.00
 Cs_solid(s)             #
   4  2           1.00000    0.00000    0.00000    0.00000
  500.00000     -48805.930      94.519534     -28.636395     -.18924831E-02
     0.00000000  958526.28
 1  7167.4807      99.00
  501.00005     -8304.9038      120.18039     -31.000000         0.00000000
     0.00000000     0.00000000
 1     0.00000000   0.00
