 System Cs-I-K
    3    4    0    3    2    2    5
 Cs                       I                        K
   132.90545190             126.90447000              39.09830000
   6   1   2   3   4   5   6
   6   1   2   3   4   5   6
 Liquid
 SUBQ
   2   3
 KI                           0.000000    0.000000
   4  1           0.00000    1.00000    1.00000
  2500.0000     -329319.14      592.51128     -105.50000         0.00000000
     0.00000000     0.00000000
 1     0.00000000   0.00
  1.00000      1.00000         0.000000     0.000000     0.000000
  2.40000
 CsI                          0.000000    0.000000
   4  1           1.00000    1.00000    0.00000
  2500.0000     -354055.47      365.51911     -74.268000         0.00000000
     0.00000000     0.00000000
 1     0.00000000   0.00
  1.00000      1.00000         0.000000     0.000000     0.000000
  2.40000
   2   1
 K                        Cs
 I
  1.00000      1.00000
   1   1
  1.00000
   1
   1   2
   1   1
   1   1   3   3  6.0000000      6.0000000      6.0000000      6.0000000
   2   2   3   3  6.0000000      6.0000000      6.0000000      6.0000000
   1   2   3   3  6.0000000      6.0000000      6.0000000      6.0000000
   3
 G   1   2   3   3   1   0   0   0
     0.00000000   1.00     0.00000000   1.00     0.00000000   1.00
     0.00000000   0.00     0.00000000   0.00     0.00000000   0.00
   0   0  7909.4016     -14.321594         0.00000000     0.00000000
     0.00000000     0.00000000
   3
 G   1   2   3   3   0   0   0   0
     0.00000000   1.00     0.00000000   1.00     0.00000000   1.00
     0.00000000   0.00     0.00000000   0.00     0.00000000   0.00
   0   0 -1000.0000         0.00000000     0.00000000     0.00000000
     0.00000000     0.00000000
   3
 G   1   2   3   3   0   1   0   0
     0.00000000   1.00     0.00000000   1.00     0.00000000   1.00
     0.00000000   0.00     0.00000000   0.00     0.00000000   0.00
   0   0  5182.5389     -5.4795584         0.00000000     0.00000000
     0.00000000     0.00000000
   0
 s1
 QKTO
 KI                           0.000000    0.000000
   4  2           0.00000    1.00000    1.00000
  2000.0000     -339111.28      159.55816     -38.835888     -.14459904E-01
     0.00000000 -246437.60
 1     0.00000000   0.00
  6000.0001     -397443.77      600.31284     -96.798723         0.00000000
     0.00000000     0.00000000
 1     0.00000000   0.00
  1.00000      1
 CsI                          0.000000    0.000000
   4  2           1.00000    1.00000    0.00000
  6000.0000     -361484.74      176.75167     -43.815000     -.10920000E-01
 -.41600000E-06 -100100.00
 1     0.00000000   0.00
  6000.0001     -1114095.5      2143.4244     -264.71656         0.00000000
     0.00000000     0.00000000
 1     0.00000000   0.00
  1.00000      1
   2
   1   2   1   0  14064.620         0.00000000     0.00000000     0.00000000
     0.00000000     0.00000000
   0
 s2
 QKTO
 KI                           0.000000    0.000000
   4  2           0.00000    1.00000    1.00000
  2000.0000     -339111.28      159.55816     -38.835888     -.14459904E-01
     0.00000000 -246437.60
 1     0.00000000   0.00
  6000.0001     -397443.77      600.31284     -96.798723         0.00000000
     0.00000000     0.00000000
 1     0.00000000   0.00
  1.00000      1
 CsI                          0.000000    0.000000
   4  2           1.00000    1.00000    0.00000
  6000.0000     -361484.74      176.75167     -43.815000     -.10920000E-01
 -.41600000E-06 -100100.00
 1     0.00000000   0.00
  6000.0001     -1114095.5      2143.4244     -264.71656         0.00000000
     0.00000000     0.00000000
 1     0.00000000   0.00
  1.00000      1
   2
   1   2   0   1  7708.6573         0.00000000     0.00000000     0.00000000
     0.00000000     0.00000000
   0
 K_solid(s)              #
   4  4           0.00000    0.00000    1.00000
  400.00000      4578938.5      21051.717     -2842.0637      1.2013187
     0.00000000 -62368327.
 1 -1043329.6      99.00
  1039.5000      3223.3261      230.66797     -44.375754     0.13402586E-01
 -.25389940E-05 -199697.85
 1 -2842.2592      99.00
  1500.0000      1190.0430      44.144047     -17.445403     -.54434916E-02
     0.00000000 -997310.30
 1     0.00000000   0.00
  1501.0000      5276.2559      66.120194     -22.000000         0.00000000
     0.00000000     0.00000000
 1     0.00000000   0.00
 I2_solid(s)             #
   4  3           0.00000    2.00000    0.00000
  700.00000      1528805.2     -10284.673      1043.2308     -.18591166
     0.00000000 -16125321.
 2 -555394.03      99.00  171760.27       0.50
  1000.0000     -23762.336      427.16112     -80.669000         0.00000000
     0.00000000     0.00000000
 1     0.00000000   0.00
  1001.0000      16906.664      105.56062     -40.000000         0.00000000
     0.00000000     0.00000000
 1     0.00000000   0.00
 Cs_solid(s)             #
   4  2           1.00000    0.00000    0.00000
  500.00000     -48805.930      94.519534     -28.636395     -.18924831E-02
     0.00000000  958526.28
 1  7167.4807      99.00
  501.00005     -8304.9038      120.18039     -31.000000         0.00000000
     0.00000000     0.00000000
 1     0.00000000   0.00
 KI_Rocksalt_B1_cF8_(2(s)#
   4  2           0.00000    1.00000    1.00000
  2000.0000     -339111.28      159.55816     -38.835888     -.14459904E-01
     0.00000000 -246437.60
 1     0.00000000   0.00
  2000.0000     -397443.77      600.31284     -96.798723         0.00000000
     0.00000000     0.00000000
 1     0.00000000   0.00
 CsI_solid(s)            #
   4  2           1.00000    1.00000    0.00000
  6000.0000     -361484.74      176.75167     -43.815000     -.10920000E-01
 -.41600000E-06 -100100.00
 1     0.00000000   0.00
  6001.0000     -1114095.5      2143.4244     -264.71656         0.00000000
     0.00000000     0.00000000
 1     0.00000000   0.00
