 System Sr-Cl-Mg
    3    2    0    3    9
 Sr                       Cl                       Mg
    87.62000000              35.45300000              24.30500000
   6   1   2   3   4   5   6
   6   1   2   3   4   5   6
 Liquid
 SUBQ
   2   3
 SrCl2                        0.000000    0.000000
   4  2           1.00000    2.00000    0.00000
  6000.0000     -851376.83      482.90436     -88.990000     -.36225000E-02
     0.00000000     0.00000000
 1     0.00000000   0.00
  6000.0001     -981786.83      861.07226     -132.46000         0.00000000
     0.00000000     0.00000000
 1     0.00000000   0.00
  1.00000      2.00000         0.000000     0.000000     0.000000
  2.40000
 MgCl2                        0.000000    0.000000
   4  2           0.00000    2.00000    1.00000
  660.00000     -658788.27      1093.7361     -193.40890     0.18100695
 -.53331183E-04  1894252.0
 1     0.00000000   0.00
  6000.0001     -634331.55      499.20330     -92.048000         0.00000000
     0.00000000     0.00000000
 1     0.00000000   0.00
  1.00000      2.00000         0.000000     0.000000     0.000000
  2.40000
   2   1
 Sr                       Mg
 Cl
  2.00000      2.00000
   2   2
  1.00000
   1
   1   2
   1   1
   1   1   3   3  3.0000000      3.0000000      1.5000000      1.5000000
   2   2   3   3  3.0000000      3.0000000      1.5000000      1.5000000
   1   2   3   3  3.0000000      3.0000000      3.0000000      3.0000000
   3
 G   1   2   3   3   1   0   0   0
     0.00000000   1.00     0.00000000   1.00     0.00000000   1.00
     0.00000000   0.00     0.00000000   0.00     0.00000000   0.00
   0   0  750.00000         0.00000000     0.00000000     0.00000000
     0.00000000     0.00000000
   3
 G   1   2   3   3   0   0   0   0
     0.00000000   1.00     0.00000000   1.00     0.00000000   1.00
     0.00000000   0.00     0.00000000   0.00     0.00000000   0.00
   0   0 -1381.0000         0.00000000     0.00000000     0.00000000
     0.00000000     0.00000000
   3
 G   1   2   3   3   0   1   0   0
     0.00000000   1.00     0.00000000   1.00     0.00000000   1.00
     0.00000000   0.00     0.00000000   0.00     0.00000000   0.00
   0   0 -42000.000      50.000000         0.00000000     0.00000000
     0.00000000     0.00000000
   0
 Cl2Mg_liquid(liq)
   4  2           0.00000    2.00000    1.00000
  660.00000     -658788.27      1093.7361     -193.40890     0.18100695
 -.53331183E-04  1894252.0
 1     0.00000000   0.00
  2500.0000     -634331.55      499.20330     -92.048000         0.00000000
     0.00000000     0.00000000
 1     0.00000000   0.00
 Cl2Mg_liquid2(liq)
   4  1           0.00000    2.00000    1.00000
  2500.0000     -634331.51      499.20328     -92.048000         0.00000000
     0.00000000     0.00000000
 1     0.00000000   0.00
 SrCl2_liq(liq)
   4  2           1.00000    2.00000    0.00000
  6000.0000     -851376.83      482.90436     -88.990000     -.36225000E-02
     0.00000000     0.00000000
 1     0.00000000   0.00
  6000.0001     -981786.83      861.07226     -132.46000         0.00000000
     0.00000000     0.00000000
 1     0.00000000   0.00
 Cl2Mg_solid(s)
   4  2           0.00000    2.00000    1.00000
  2000.0000     -676336.86      242.25622     -54.584300     -.10710650E-01
 0.39278333E-06  556059.50
 1  1596.7080       0.50
  2000.0001     -687646.53      583.62500     -96.647939         0.00000000
     0.00000000     0.00000000
 1     0.00000000   0.00
 SrCl2_s(s)
   4  2           1.00000    2.00000    0.00000
  3000.0000     -859427.07      427.15221     -80.082000     -.38085000E-02
     0.00000000  299950.00
 1     0.00000000   0.00
  3000.0001     -893303.64      609.47206     -102.86634         0.00000000
     0.00000000     0.00000000
 1     0.00000000   0.00
 SrMgCl4(s)
   4  2           1.00000    4.00000    1.00000
  853.00000     -1445250.5      717.71743     -135.00000     -.56250000E-01
     0.00000000     0.00000000
 1     0.00000000   0.00
  854.00005     -1476827.5      1280.3995     -220.00000         0.00000000
     0.00000000     0.00000000
 1     0.00000000   0.00
 Mg_solid(s)             #
   4  2           0.00000    0.00000    1.00000
  1200.0000     -1136.6244      178.88185     -31.029910     0.34660578E-02
 -.18288137E-05 -21014.508
 1 -1652.5062      99.00
  1201.0000     -13841.189      204.46551     -34.309000         0.00000000
     0.00000000     0.00000000
 1     0.00000000   0.00
 Cl2(g)                  #
   4  4           0.00000    2.00000    0.00000
  1600.0000      12809.016     -120.39923     -20.680767         0.00000000
     0.00000000 -158356.65
 3 -.25474356       1.50  2365.0449       0.50 -8299.3704      99.00
  3800.0000      13434169.     -55196.104      6062.5675     0.18893144
 -.48495258E-06 -.25706483E+09
 3 -100.31370       1.50  952147.59       0.50 -3941479.6      99.00
  6000.0000      29413795.     -19700.928      1734.5976         0.00000000
     0.00000000 -.14098302E+10
 3 -8.2020644       1.50  692726.84       0.50 -6110513.9      99.00
  6000.0000     -1966.4883      27.523866     -37.570456         0.00000000
     0.00000000     0.00000000
 1     0.00000000   0.00
 Sr_fcc(s)               #
   4  3           1.00000    0.00000    0.00000
  820.00000     -7536.3342      107.26902     -23.918852     -.45941876E-02
 -.17146904E-06 -1871.4450
 1     0.00000000   0.00
  1500.0000     -7670.4844      121.63656     -26.359327     -.20919177E-02
     0.00000000  3.1236523
 1     0.00000000   0.00
  1500.0000     -12377.291      167.53250     -32.635077         0.00000000
     0.00000000     0.00000000
 1     0.00000000   0.00
