 System Cs-I-Na
    3    2    0    3    6
 Cs                       I                        Na
   132.90545190             126.90447000              22.98976928
   6   1   2   3   4   5   6
   6   1   2   3   4   5   6
 Liquid
 SUBQ
   2   3
 CsI                          0.000000    0.000000
   4  1           1.00000    1.00000    0.00000
  2500.0000     -354055.47      365.51911     -74.268000         0.00000000
     0.00000000     0.00000000
 1     0.00000000   0.00
  1.00000      1.00000         0.000000     0.000000     0.000000
  2.40000
 NaI                          0.000000    0.000000
   4  1           0.00000    1.00000    1.00000
  2500.0000     -289027.77      321.30750     -64.852000         0.00000000
     0.00000000     0.00000000
 1     0.00000000   0.00
  1.00000      1.00000         0.000000     0.000000     0.000000
  2.40000
   2   1
 Cs                       Na
 I
  1.00000      1.00000
   1   1
  1.00000
   1
   1   2
   1   1
   1   1   3   3  6.0000000      6.0000000      6.0000000      6.0000000
   2   2   3   3  6.0000000      6.0000000      6.0000000      6.0000000
   1   2   3   3  6.0000000      6.0000000      6.0000000      6.0000000
   3
 G   1   2   3   3   1   0   0   0
     0.00000000   1.00     0.00000000   1.00     0.00000000   1.00
     0.00000000   0.00     0.00000000   0.00     0.00000000   0.00
   0   0 -1987.1899      4.0425938         0.00000000     0.00000000
     0.00000000     0.00000000
   3
 G   1   2   3   3   0   0   0   0
     0.00000000   1.00     0.00000000   1.00     0.00000000   1.00
     0.00000000   0.00     0.00000000   0.00     0.00000000   0.00
   0   0 -2347.5633         0.00000000     0.00000000     0.00000000
     0.00000000     0.00000000
   3
 G   1   2   3   3   0   1   0   0
     0.00000000   1.00     0.00000000   1.00     0.00000000   1.00
     0.00000000   0.00     0.00000000   0.00     0.00000000   0.00
   0   0 -1493.5399      4.0348806         0.00000000     0.00000000
     0.00000000     0.00000000
   0
 Na_solid(s)
   4  2           0.00000    0.00000    1.00000
  371.00000     -7508.4102      99.578238     -21.455000     -.10944500E-01
 -.23763333E-05  1900.0000
 1     0.00000000   0.00
  371.00005     -9479.7250      160.00960     -31.510696         0.00000000
     0.00000000     0.00000000
 1     0.00000000   0.00
 NaI_Rocksalt_B1_cF8_((s)
   4  2           0.00000    1.00000    1.00000
  1577.0000     -302967.79      232.63163     -48.877488     -.60270520E-02
     0.00000000     0.00000000
 1     0.00000000   0.00
  1577.0000     -317956.64      372.60259     -67.886810         0.00000000
     0.00000000     0.00000000
 1     0.00000000   0.00
 CsI_solid(s)
   4  2           1.00000    1.00000    0.00000
  6000.0000     -361484.74      176.75167     -43.815000     -.10920000E-01
 -.41600000E-06 -100100.00
 1     0.00000000   0.00
  6001.0000     -1114095.5      2143.4244     -264.71656         0.00000000
     0.00000000     0.00000000
 1     0.00000000   0.00
 Na_solid(s)             #
   4  3           0.00000    0.00000    1.00000
  370.98000     -59594.506     -608.12041      83.612083     -.96523427E-01
     0.00000000     0.00000000
 1  16166.384      99.00
  1000.0000     -460367.57      2193.6121     -233.40572     0.14936660E-01
     0.00000000  5806510.7
 2  145943.73      99.00 -38503.267       0.50
  1001.0000      2124.2258      75.180129     -21.000000         0.00000000
     0.00000000     0.00000000
 1     0.00000000   0.00
 I2_solid(s)             #
   4  3           0.00000    2.00000    0.00000
  700.00000      1528805.2     -10284.673      1043.2308     -.18591166
     0.00000000 -16125321.
 2 -555394.03      99.00  171760.27       0.50
  1000.0000     -23762.336      427.16112     -80.669000         0.00000000
     0.00000000     0.00000000
 1     0.00000000   0.00
  1001.0000      16906.664      105.56062     -40.000000         0.00000000
     0.00000000     0.00000000
 1     0.00000000   0.00
 Cs_solid(s)             #
   4  2           1.00000    0.00000    0.00000
  500.00000     -48805.930      94.519534     -28.636395     -.18924831E-02
     0.00000000  958526.28
 1  7167.4807      99.00
  501.00005     -8304.9038      120.18039     -31.000000         0.00000000
     0.00000000     0.00000000
 1     0.00000000   0.00
