 System I-K-Na
    3    3    0    3    2    5
 I                        K                        Na
   126.90447000              39.09830000              22.98976928
   6   1   2   3   4   5   6
   6   1   2   3   4   5   6
 Liquid
 SUBQ
   2   2
 KI                           0.000000    0.000000
   4  1           1.00000    1.00000    0.00000
  1577.0000     -329319.14      592.51128     -105.50000         0.00000000
     0.00000000     0.00000000
 1     0.00000000   0.00
  1.00000      1.00000         0.000000     0.000000     0.000000
  2.40000
 NaI                          0.000000    0.000000
   4  1           1.00000    0.00000    1.00000
  1577.0000     -289027.77      321.30750     -64.852000         0.00000000
     0.00000000     0.00000000
 1     0.00000000   0.00
  1.00000      1.00000         0.000000     0.000000     0.000000
  2.40000
   2   1
 K                        Na
 I
  1.00000      1.00000
   1   1
  1.00000
   1
   1   2
   1   1
   1   1   3   3  6.0000000      6.0000000      6.0000000      6.0000000
   2   2   3   3  6.0000000      6.0000000      6.0000000      6.0000000
   3
 G   1   2   3   3   0   0   0   0
     0.00000000   1.00     0.00000000   1.00     0.00000000   1.00
     0.00000000   0.00     0.00000000   0.00     0.00000000   0.00
   0   0 -9900.0000      6.0000000         0.00000000     0.00000000
     0.00000000     0.00000000
   3
 G   1   2   3   3   0   2   0   0
     0.00000000   1.00     0.00000000   1.00     0.00000000   1.00
     0.00000000   0.00     0.00000000   0.00     0.00000000   0.00
   0   0  2000.0000     -1.0000000         0.00000000     0.00000000
     0.00000000     0.00000000
   0
 NaIKIsoln
 QKTO
 NaI                          0.000000    0.000000
   4  2           1.00000    0.00000    1.00000
  1577.0000     -302967.79      232.63163     -48.877488     -.60270520E-02
     0.00000000     0.00000000
 1     0.00000000   0.00
  2000.0000     -210899.14     -195.15379     -.10000000E-11     0.00000000
     0.00000000     0.00000000
 1     0.00000000   0.00
  1.00000      1
 KI                           0.000000    0.000000
   4  1           1.00000    1.00000    0.00000
  2000.0000     -339111.28      159.55816     -38.835888     -.14459904E-01
     0.00000000 -246437.60
 1     0.00000000   0.00
  1.00000      1
   2
   1   2   0   0     0.00000000     0.00000000     0.00000000     0.00000000
     0.00000000     0.00000000
   0
 Na_solid(s)             #
   4  3           0.00000    0.00000    1.00000
  370.98000     -59594.506     -608.12041      83.612083     -.96523427E-01
     0.00000000     0.00000000
 1  16166.384      99.00
  1000.0000     -460367.57      2193.6121     -233.40572     0.14936660E-01
     0.00000000  5806510.7
 2  145943.73      99.00 -38503.267       0.50
  1001.0000      2124.2258      75.180129     -21.000000         0.00000000
     0.00000000     0.00000000
 1     0.00000000   0.00
 K_solid(s)              #
   4  4           0.00000    1.00000    0.00000
  400.00000      4578938.5      21051.717     -2842.0637      1.2013187
     0.00000000 -62368327.
 1 -1043329.6      99.00
  1039.5000      3223.3261      230.66797     -44.375754     0.13402586E-01
 -.25389940E-05 -199697.85
 1 -2842.2592      99.00
  1500.0000      1190.0430      44.144047     -17.445403     -.54434916E-02
     0.00000000 -997310.30
 1     0.00000000   0.00
  1501.0000      5276.2559      66.120194     -22.000000         0.00000000
     0.00000000     0.00000000
 1     0.00000000   0.00
 I2_solid(s)             #
   4  3           2.00000    0.00000    0.00000
  700.00000      1528805.2     -10284.673      1043.2308     -.18591166
     0.00000000 -16125321.
 2 -555394.03      99.00  171760.27       0.50
  1000.0000     -23762.336      427.16112     -80.669000         0.00000000
     0.00000000     0.00000000
 1     0.00000000   0.00
  1001.0000      16906.664      105.56062     -40.000000         0.00000000
     0.00000000     0.00000000
 1     0.00000000   0.00
 NaI_Rocksalt_B1_cF8_((s)#
   4  2           1.00000    0.00000    1.00000
  1577.0000     -302967.79      232.63163     -48.877488     -.60270520E-02
     0.00000000     0.00000000
 1     0.00000000   0.00
  1577.0000     -317956.64      372.60259     -67.886810         0.00000000
     0.00000000     0.00000000
 1     0.00000000   0.00
 KI_Rocksalt_B1_cF8_(2(s)#
   4  2           1.00000    1.00000    0.00000
  2000.0000     -339111.28      159.55816     -38.835888     -.14459904E-01
     0.00000000 -246437.60
 1     0.00000000   0.00
  2000.0000     -397443.77      600.31284     -96.798723         0.00000000
     0.00000000     0.00000000
 1     0.00000000   0.00
