 System Pd-Ru-Tc-Mo
    4    4    0    4    4    4    8
 Pd                       Ru                       Tc
 Mo
   106.42000000             101.07000000              98.00000000
    95.96000000
   6   1   2   3   4   5   6
   6   1   2   3   4   5   6
 BCCN
 QKTO
 Mo                           0.000000    0.000000
   4  2           0.00000    0.00000    0.00000    1.00000
  3000.0000     -10713.825      179.14632     -30.861000     0.36466999E-02
 -.85848330E-06  267034.99
 1     0.00000000   0.00
  9000.0001     -70255.002      397.74429     -55.280000         0.00000000
     0.00000000     0.00000000
 1     0.00000000   0.00
  1.00000      1
 Pd                           0.000000    0.000000
   4  2           1.00000    0.00000    0.00000    0.00000
  3000.0000     -3750.4635      135.15919     -25.028000     -.27202000E-02
     0.00000000  33773.999
 1     0.00000000   0.00
  9000.0001     -28187.266      265.76147     -41.341706         0.00000000
     0.00000000     0.00000000
 1     0.00000000   0.00
  1.00000      1
 Tc                           0.000000    0.000000
   4  2           0.00000    0.00000    1.00000    0.00000
  4538.0000     -2656.0184      130.58064     -24.339000     -.29547500E-02
     0.00000000  63608.501
 1     0.00000000   0.00
  9000.0001     -63448.464      356.32767     -51.150141         0.00000000
     0.00000000     0.00000000
 1     0.00000000   0.00
  1.00000      1
 Ru                           0.000000    0.000000
   4  2           0.00000    1.00000    0.00000    0.00000
  3000.0000      1477.2111      119.18391     -22.236000     -.20718500E-02
 -.26691667E-06 -20303.500
 1     0.00000000   0.00
  9000.0001     -46023.180      341.36030     -49.085002         0.00000000
     0.00000000     0.00000000
 1     0.00000000   0.00
  1.00000      1
   2
   1   2   1   1  40328.630     -73.490002         0.00000000     0.00000000
     0.00000000     0.00000000
   2
   1   2   1   2  1220269.0     -159.92000         0.00000000     0.00000000
     0.00000000     0.00000000
   2
   1   3   1   1 -3882.8000      11.000000         0.00000000     0.00000000
     0.00000000     0.00000000
   2
   1   3   1   2 -21442.000      11.000000         0.00000000     0.00000000
     0.00000000     0.00000000
   2
   1   4   1   1  33863.000     -18.335000         0.00000000     0.00000000
     0.00000000     0.00000000
   2
   1   4   1   2  730.47000         0.00000000     0.00000000     0.00000000
     0.00000000     0.00000000
   2
   2   3   1   1  2000.0000         0.00000000     0.00000000     0.00000000
     0.00000000     0.00000000
   2
   2   4   1   1  20000.000         0.00000000     0.00000000     0.00000000
     0.00000000     0.00000000
   3
   1   2   4   1   1   1  40000.000         0.00000000     0.00000000
     0.00000000     0.00000000     0.00000000
   0
 BCCN
 QKTO
 Mo                           0.000000    0.000000
   4  2           0.00000    0.00000    0.00000    1.00000
  3000.0000     -10713.825      179.14632     -30.861000     0.36466999E-02
 -.85848330E-06  267034.99
 1     0.00000000   0.00
  9000.0001     -70255.002      397.74429     -55.280000         0.00000000
     0.00000000     0.00000000
 1     0.00000000   0.00
  1.00000      1
 Pd                           0.000000    0.000000
   4  2           1.00000    0.00000    0.00000    0.00000
  3000.0000     -3750.4635      135.15919     -25.028000     -.27202000E-02
     0.00000000  33773.999
 1     0.00000000   0.00
  9000.0001     -28187.266      265.76147     -41.341706         0.00000000
     0.00000000     0.00000000
 1     0.00000000   0.00
  1.00000      1
 Tc                           0.000000    0.000000
   4  2           0.00000    0.00000    1.00000    0.00000
  4538.0000     -2656.0184      130.58064     -24.339000     -.29547500E-02
     0.00000000  63608.501
 1     0.00000000   0.00
  9000.0001     -63448.464      356.32767     -51.150141         0.00000000
     0.00000000     0.00000000
 1     0.00000000   0.00
  1.00000      1
 Ru                           0.000000    0.000000
   4  2           0.00000    1.00000    0.00000    0.00000
  3000.0000      1477.2111      119.18391     -22.236000     -.20718500E-02
 -.26691667E-06 -20303.500
 1     0.00000000   0.00
  9000.0001     -46023.180      341.36030     -49.085002         0.00000000
     0.00000000     0.00000000
 1     0.00000000   0.00
  1.00000      1
   2
   1   2   1   1  40328.630     -73.490002         0.00000000     0.00000000
     0.00000000     0.00000000
   2
   1   2   1   2  1220269.0     -159.92000         0.00000000     0.00000000
     0.00000000     0.00000000
   2
   1   3   1   1 -3882.8000      11.000000         0.00000000     0.00000000
     0.00000000     0.00000000
   2
   1   3   1   2 -21442.000      11.000000         0.00000000     0.00000000
     0.00000000     0.00000000
   2
   1   4   1   1  33863.000     -18.335000         0.00000000     0.00000000
     0.00000000     0.00000000
   2
   1   4   1   2  730.47000         0.00000000     0.00000000     0.00000000
     0.00000000     0.00000000
   2
   2   3   1   1  2000.0000         0.00000000     0.00000000     0.00000000
     0.00000000     0.00000000
   2
   2   4   1   1  20000.000         0.00000000     0.00000000     0.00000000
     0.00000000     0.00000000
   3
   1   2   4   1   1   1  40000.000         0.00000000     0.00000000
     0.00000000     0.00000000     0.00000000
   0
 BCCN
 QKTO
 Mo                           0.000000    0.000000
   4  2           0.00000    0.00000    0.00000    1.00000
  3000.0000     -10713.825      179.14632     -30.861000     0.36466999E-02
 -.85848330E-06  267034.99
 1     0.00000000   0.00
  9000.0001     -70255.002      397.74429     -55.280000         0.00000000
     0.00000000     0.00000000
 1     0.00000000   0.00
  1.00000      1
 Pd                           0.000000    0.000000
   4  2           1.00000    0.00000    0.00000    0.00000
  3000.0000     -3750.4635      135.15919     -25.028000     -.27202000E-02
     0.00000000  33773.999
 1     0.00000000   0.00
  9000.0001     -28187.266      265.76147     -41.341706         0.00000000
     0.00000000     0.00000000
 1     0.00000000   0.00
  1.00000      1
 Tc                           0.000000    0.000000
   4  2           0.00000    0.00000    1.00000    0.00000
  4538.0000     -2656.0184      130.58064     -24.339000     -.29547500E-02
     0.00000000  63608.501
 1     0.00000000   0.00
  9000.0001     -63448.464      356.32767     -51.150141         0.00000000
     0.00000000     0.00000000
 1     0.00000000   0.00
  1.00000      1
 Ru                           0.000000    0.000000
   4  2           0.00000    1.00000    0.00000    0.00000
  3000.0000      1477.2111      119.18391     -22.236000     -.20718500E-02
 -.26691667E-06 -20303.500
 1     0.00000000   0.00
  9000.0001     -46023.180      341.36030     -49.085002         0.00000000
     0.00000000     0.00000000
 1     0.00000000   0.00
  1.00000      1
   2
   1   2   1   1  40328.630     -73.490002         0.00000000     0.00000000
     0.00000000     0.00000000
   2
   1   2   1   2  1220269.0     -159.92000         0.00000000     0.00000000
     0.00000000     0.00000000
   2
   1   3   1   1 -3882.8000      11.000000         0.00000000     0.00000000
     0.00000000     0.00000000
   2
   1   3   1   2 -21442.000      11.000000         0.00000000     0.00000000
     0.00000000     0.00000000
   2
   1   4   1   1  33863.000     -18.335000         0.00000000     0.00000000
     0.00000000     0.00000000
   2
   1   4   1   2  730.47000         0.00000000     0.00000000     0.00000000
     0.00000000     0.00000000
   2
   2   3   1   1  2000.0000         0.00000000     0.00000000     0.00000000
     0.00000000     0.00000000
   2
   2   4   1   1  20000.000         0.00000000     0.00000000     0.00000000
     0.00000000     0.00000000
   3
   1   2   4   1   1   1  40000.000         0.00000000     0.00000000
     0.00000000     0.00000000     0.00000000
   0
 Mo_solid(s)             #
   4  4           0.00000    0.00000    0.00000    1.00000
  2000.0000      5109.6922      199.27485     -32.960411     0.30970809E-02
 -.73002732E-06 -107197.84
 1 -2976.2322      99.00
  2896.0000     0.15576128E+09 -195773.79      17529.768     -.46486387
     0.00000000 -.44386744E+10
 2 -37388859.      99.00  5756902.5       0.50
  3300.0000      17383677.     -1564.2452      60.460983         0.00000000
     0.00000000 -.10814576E+10
 2 -3127334.3      99.00  201770.07       0.50
  3301.0000     -9454.4427      236.59736     -37.656000         0.00000000
     0.00000000     0.00000000
 1     0.00000000   0.00
 Tc_solid(s)             #
   4  2           0.00000    0.00000    1.00000    0.00000
  2473.0000     -6858.7200      114.74119     -21.756800     -.41840000E-02
     0.00000000     0.00000000
 1     0.00000000   0.00
  2473.0000     -32446.930      276.42779     -42.450864         0.00000000
     0.00000000     0.00000000
 1     0.00000000   0.00
 Ru_solid(s)             #
   4  3           0.00000    1.00000    0.00000    0.00000
  1600.0000     -6623.8527      119.81896     -21.961816     -.24643760E-02
 -.18549067E-06 -22802.800
 1     0.00000000   0.00
  2523.0000     -2372.0461      74.124987     -15.560296     -.53869000E-02
     0.00000000     0.00000000
 1     0.00000000   0.00
  2523.0000     -36662.514      287.04947     -42.742593         0.00000000
     0.00000000     0.00000000
 1     0.00000000   0.00
 Pd_solid(s)             #
   4  4           1.00000    0.00000    0.00000    0.00000
  400.00000     -7417.9131      123.63416     -23.777672     -.36965640E-02
     0.00000000     0.00000000
 1     0.00000000   0.00
  1400.0000     -7570.8802      128.36701     -24.572632     -.26652080E-02
     0.00000000     0.00000000
 1     0.00000000   0.00
  1825.0000      22409.703     -35.027276     -3.5187440     -.75981440E-02
     0.00000000 -7121586.4
 1     0.00000000   0.00
  1825.0000     -18505.822      211.75857     -35.528396         0.00000000
     0.00000000     0.00000000
 1     0.00000000   0.00
 Pd(s)                   #
   4  1           1.00000    0.00000    0.00000    0.00000
  6001.0000         0.00000000     0.00000000     0.00000000     0.00000000
     0.00000000     0.00000000
 1     0.00000000   0.00
 Ru(s)                   #
   4  1           0.00000    1.00000    0.00000    0.00000
  6001.0000         0.00000000     0.00000000     0.00000000     0.00000000
     0.00000000     0.00000000
 1     0.00000000   0.00
 Tc(s)                   #
   4  1           0.00000    0.00000    1.00000    0.00000
  6001.0000         0.00000000     0.00000000     0.00000000     0.00000000
     0.00000000     0.00000000
 1     0.00000000   0.00
 Mo(s)                   #
   4  1           0.00000    0.00000    0.00000    1.00000
  6001.0000         0.00000000     0.00000000     0.00000000     0.00000000
     0.00000000     0.00000000
 1     0.00000000   0.00
