 System W-Au-Ar-O
    4    2    0    4    4
 W                       Au                        Ar
 O
   244.00000000             238.02891000             131.29300000
    15.99940000
   6   1   2   3   4   5   6
   6   1   2   3   4   5   6
 Delete
 RKMP
 Au
   4  5    0.0    1.0    0.0    0.0
  900.00000      523164.92      13.712732     -32.513000     0.11265650E-01
 -.24332800E-05  151130.00
 1 0.00000000       0.00
  2100.0000      541065.13     -173.58373     -5.3360000     -.72361500E-02
 -.43060000E-07 -2072960.0
 1 0.00000000       0.00
  4500.0000      605452.66     -512.43290      38.748000     -.20807900E-01
 0.75045000E-06 -19886375.
 1 0.00000000       0.00
  6000.0000     -41328.166      1300.4003     -176.85600     0.11366400E-01
 -.15617833E-06 0.34654725E+09
 1 0.00000000       0.00
  9000.0000      463955.48      227.78843     -54.941125     0.00000000
 0.00000000     0.00000000
 1 0.00000000       0.00
 W
   4  7    1.0    0.0    0.0    0.0
  500.00000      342384.47     -43.007849     -20.303690     0.43619440E-02
 -.41966650E-05 -40656.380
 1 0.00000000       0.00
  1000.0000      348176.95     -149.56857     -3.2165710     -.17818755E-01
 0.11442472E-05 -405372.75
 1 0.00000000       0.00
  2000.0000      358979.67     -233.09323      8.2162510     -.22555500E-01
 0.14126845E-05 -2190253.5
 1 0.00000000       0.00
  3200.0000      251181.98      397.15274     -75.008430     0.59516800E-02
 -.41519833E-06  23940665.
 1 0.00000000       0.00
  4700.0000      538268.52     -759.68736      69.567180     -.26257465E-01
 0.92477950E-06 -82378450.
 1 0.00000000       0.00
  6000.0000     -455390.69      1948.1299     -251.16400     0.19878520E-01
 -.32279683E-06 0.49645555E+09
 1 0.00000000       0.00
  9000.0000      312306.70      233.05002     -54.765550     0.00000000
 0.00000000     0.00000000
 1 0.00000000       0.00
 O
   4  3    0.0    0.0    0.0    1.0
  2950.0000      243206.49     -20.751814     -21.015550     0.12687055E-03
 -.12313128E-07 -42897.090
 1 0.00000000       0.00
  6000.0000      252301.42     -51.975284     -17.211880     -.54135650E-03
 0.76452067E-08 -3973170.5
 1 0.00000000       0.00
  9000.0000      236768.78     -8.4004223     -22.277607     0.00000000
 0.00000000     0.00000000
 1 0.00000000       0.00
 Ar
   4  1    0.0    0.0    1.0    0.0
  6000.0000     -6197.3459     -30.358311     -20.786000     0.00000000
 0.00000000     0.00000000
 1 0.00000000       0.00
   3
   1   2   4   3
  10000000.     0.00000000     0.00000000     0.00000000     0.00000000
 0.00000000
 0.00000000     0.00000000     0.00000000     0.00000000     0.00000000
 0.00000000
 0.00000000     0.00000000     0.00000000     0.00000000     0.00000000
 0.00000000
   0
 Au                       #
   4  1    0.0    1.0    0.0    0.0
  6000.0000     0.00000000     0.00000000     0.00000000     0.00000000
 0.00000000     0.00000000
 1 0.00000000       0.00
 W                      #
   4  1    1.0    0.0    0.0    0.0
  6000.0000     0.00000000     0.00000000     0.00000000     0.00000000
 0.00000000     0.00000000
 1 0.00000000       0.00
 O                       #
   4  1    0.0    0.0    0.0    1.0
  6000.0000     0.00000000     0.00000000     0.00000000     0.00000000
 0.00000000     0.00000000
 1 0.00000000       0.00
 Ar                      #
   4  1    0.0    0.0    1.0    0.0
  6000.0000     0.00000000     0.00000000     0.00000000     0.00000000
 0.00000000     0.00000000
 1 0.00000000       0.00
