 System Zr-H
    2    6    5    2    2    2    2    2    4
 Zr                       H
    91.22400000               1.00794000
   6   1   2   3   4   5   6
   6   1   2   3   4   5   6
 gas_ideal
 IDMX
 H
   1  1    0.0    1.0
  6000.0000      211801.62      24.498982     -20.786110         0.00000000
     0.00000000     0.00000000
 H2
   1  4    0.0    2.0
  1000.0000     -9522.9741      78.527388     -31.357070     0.27589925E-02
 -.74639067E-06  56582.300
  2100.0000      180.10868     -15.612826     -17.848570     -.58416800E-02
 0.31461867E-06 -1280036.0
  6000.0000     -18840.166      92.312026     -32.050820     -.10728235E-02
 0.11428178E-07  3561002.5
  6001.0000     -45213.864      179.58187     -42.258382         0.00000000
     0.00000000     0.00000000
 Zr
   1  5    1.0    0.0
  700.00000      586876.84      74.417119     -38.691110     0.11528460E-01
 -.16932550E-05  270638.80
  1300.0000      595990.29     -26.053051     -24.061060     0.17436410E-02
 -.59431233E-06 -748947.50
  2700.0000      593841.67     -46.020456     -20.463610     -.29610840E-02
 0.10839143E-06  526352.50
  6000.0000      630745.05     -161.96537     -6.6473430     -.46738955E-02
 0.10683358E-06 -15872340.
  6001.0000      544207.47      122.66750     -40.539832         0.00000000
     0.00000000     0.00000000
 Zr2
   1  3    2.0    0.0
  3600.0000      892794.96     -14.412075     -37.136720     -.32039655E-03
 -.43060517E-08  85422.150
  6000.0000      874148.85      9.3491793     -39.333560     -.10196690E-02
 0.60979967E-07  14065805.
  6001.0000      899504.66     -13.346552     -37.616482         0.00000000
     0.00000000     0.00000000
 ZrH
   1  3    1.0    1.0
  1000.0000      508873.03     -56.365252     -23.041830     -.10711540E-01
 0.14689955E-05 -46462.485
  6000.0000      500139.24      39.113532     -37.037190     -.38075865E-03
 0.20646017E-08  1021210.0
  6001.0000      488896.56      74.181301     -41.103606         0.00000000
     0.00000000     0.00000000
 BCC_A2
 SUBLM
  1.00000     0.400000
 ZR:H
  16  5    1.0    3.0
  1000.0000      30043.000      242.73678     -72.643011     0.37984047E-02
 -.11293150E-05  110106.45
 1 -.76143000E-10   4.00
  2100.0000      44597.624      101.52646     -52.380261     -.91026040E-02
 0.46219900E-06 -1894821.0
 1 -.76143000E-10   4.00
  2128.0000      16067.212      263.41374     -73.683636     -.19493193E-02
 0.74132674E-08  5366736.8
 1 -.76143000E-10   4.00
  6000.0000     -14113.205      402.75222     -90.220230     -.16092353E-02
 0.17142267E-07  5341503.8
 1 0.12760580E+33  -9.00
  6000.0001     -53672.489      533.65513     -105.53138         0.00000000
     0.00000000     0.00000000
 1     0.00000000   0.00
     0.000000     0.000000
 ZR:VA
  16  3    1.0    0.0
  2128.0000     -525.53900      124.94570     -25.607406     -.34008400E-03
 -.97290000E-08  25233.000
 1 -.76143000E-10   4.00
  6000.0000     -30705.956      264.28418     -42.144000         0.00000000
     0.00000000     0.00000000
 1 0.12760580E+33  -9.00
  6000.0001     -30704.689      264.28232     -42.143810         0.00000000
     0.00000000     0.00000000
 1     0.00000000   0.00
     0.000000     0.000000
   2
  1.00000      3.00000
   1   2
 Zr
 H                        VA
   1   1
   1   2
   0
   3
   1   2   3   2
 -474971.00      359.00000         0.00000000     0.00000000     0.00000000
     0.00000000
 -267893.00      200.00000         0.00000000     0.00000000     0.00000000
     0.00000000
   0
 FCC_C1
 SUBL
 ZR:H
   4  5    1.0    2.0
  1000.0000     -187840.57      412.37644     -64.988870     -.16189175E-02
 -.74639067E-06  91553.300
 1     0.00000000   0.00
  2100.0000     -178137.49      318.23623     -51.480370     -.10219590E-01
 0.31461867E-06 -1245065.0
 1     0.00000000   0.00
  2128.0000     -197157.76      426.16108     -65.682620     -.54507335E-02
 0.11428178E-07  3595973.5
 1     0.00000000   0.00
  6000.0000     -215416.09      563.23618     -83.664820     -.10728235E-02
 0.11428178E-07  3561002.5
 1 -.13428960E+32  -9.00
  6000.0001     -241789.92      650.50622     -93.872402         0.00000000
     0.00000000     0.00000000
 1     0.00000000   0.00
 ZR:VA
   4  3    1.0    0.0
  2128.0000     -227.59500      124.74905     -24.161800     -.43779100E-02
     0.00000000  34971.000
 1     0.00000000   0.00
  6000.0000     -18485.920      261.82415     -42.144000         0.00000000
     0.00000000     0.00000000
 1 -.13428960E+32  -9.00
  6000.0001     -18486.053      261.82435     -42.144020         0.00000000
     0.00000000     0.00000000
 1     0.00000000   0.00
   2
  1.00000      2.00000
   1   2
 Zr
 H                        VA
   1   1
   1   2
   3
   1   2   3   2
  14385.000     -6.0000000         0.00000000     0.00000000     0.00000000
     0.00000000
 -106445.00      87.300000         0.00000000     0.00000000     0.00000000
     0.00000000
   0
 HCP_A3
 SUBLM
 0.333333     0.280000
 ZR:VA:H
  16  5    1.0    1.0
  1000.0000     -58554.082      206.51274     -39.840335     -.29984137E-02
 -.37319533E-06  63262.150
 1     0.00000000   0.00
  2100.0000     -53702.541      159.44263     -33.086085     -.72987500E-02
 0.15730933E-06 -605047.00
 1     0.00000000   0.00
  2128.0000     -63212.678      213.40506     -40.187210     -.49143218E-02
 0.57140892E-08  1815472.3
 1     0.00000000   0.00
  6000.0000     -81471.003      350.48016     -58.169410     -.53641175E-03
 0.57140892E-08  1780501.3
 1 -.13428960E+32  -9.00
  6000.0001     -94657.986      394.11528     -63.273211         0.00000000
     0.00000000     0.00000000
 1     0.00000000   0.00
     0.000000     0.000000
 ZR:VA:VA
  16  3    1.0    0.0
  2128.0000     -7827.5947      125.64905     -24.161800     -.43779100E-02
     0.00000000  34971.000
 1     0.00000000   0.00
  6000.0000     -26085.920      262.72415     -42.144000         0.00000000
     0.00000000     0.00000000
 1 -.13428960E+32  -9.00
  6000.0001     -26086.053      262.72435     -42.144020         0.00000000
     0.00000000     0.00000000
 1     0.00000000   0.00
     0.000000     0.000000
   3
  1.00000      1.00000      1.00000
   1   1   2
 Zr
 VA
 H                        VA
   1   1
   1   1
   1   2
   0
   0
 HCP_ORD
 SUBLM
 0.333333     0.280000
 ZR:VA:VA:VA:H
  16  5    3.0    3.0
  1000.0000     -175662.25      619.53823     -119.52101     -.89952412E-02
 -.11195860E-05  189786.45
 1     0.00000000   0.00
  2100.0000     -161107.62      478.32787     -99.258255     -.21896250E-01
 0.47192800E-06 -1815141.0
 1     0.00000000   0.00
  2128.0000     -189638.03      640.21515     -120.56163     -.14742965E-01
 0.17142267E-07  5446416.8
 1     0.00000000   0.00
  6000.0000     -244413.01      1051.4405     -174.50823     -.16092353E-02
 0.17142267E-07  5341503.8
 1 -.40286880E+32  -9.00
  6000.0001     -283973.96      1182.3458     -189.81963         0.00000000
     0.00000000     0.00000000
 1     0.00000000   0.00
     0.000000     0.000000
 ZR:VA:VA:VA:VA
  16  3    3.0    0.0
  2128.0000     -23482.784      376.94715     -72.485400     -.13133730E-01
     0.00000000  104913.00
 1     0.00000000   0.00
  6000.0000     -78257.760      788.17246     -126.43200         0.00000000
     0.00000000     0.00000000
 1 -.40286880E+32  -9.00
  6000.0001     -78258.159      788.17305     -126.43206         0.00000000
     0.00000000     0.00000000
 1     0.00000000   0.00
     0.000000     0.000000
   5
  3.00000      1.00000      1.00000      1.00000      3.00000
   1   1   1   1   2
 Zr
 VA
 VA
 VA
 H                        VA
   1   1
   1   1
   1   1
   1   1
   1   2
   0
   0
 ZRH2_EPSILON
 SUBL
 ZR:H
   4  5    1.0    2.0
  1000.0000     -185565.57      314.67644     -51.652870     -.16189175E-02
 -.74639067E-06  91553.300
 1     0.00000000   0.00
  2100.0000     -175862.49      220.53623     -38.144370     -.10219590E-01
 0.31461867E-06 -1245065.0
 1     0.00000000   0.00
  2128.0000     -194882.76      328.46108     -52.346620     -.54507335E-02
 0.11428178E-07  3595973.5
 1     0.00000000   0.00
  6000.0000     -213141.09      465.53618     -70.328820     -.10728235E-02
 0.11428178E-07  3561002.5
 1 -.13428960E+32  -9.00
  6000.0001     -239514.92      552.80622     -80.536402         0.00000000
     0.00000000     0.00000000
 1     0.00000000   0.00
 ZR:VA
   4  3    1.0    0.0
  2128.0000     -127.59500      124.74905     -24.161800     -.43779100E-02
     0.00000000  34971.000
 1     0.00000000   0.00
  6000.0000     -18385.920      261.82415     -42.144000         0.00000000
     0.00000000     0.00000000
 1 -.13428960E+32  -9.00
  6000.0001     -18386.053      261.82435     -42.144020         0.00000000
     0.00000000     0.00000000
 1     0.00000000   0.00
   2
  1.00000      2.00000
   1   2
 Zr
 H                        VA
   1   1
   1   2
   3
   1   2   3   1
  19900.000         0.00000000     0.00000000     0.00000000     0.00000000
     0.00000000
   0
 H2(g)                   #
   4  4    0.0    2.0
  1200.0000     -13779.823     -17.824781     -19.825631     -.15388637E-02
 -.23830749E-06  147589.95
 1  779.44498       0.50
  4100.0000      330318.97     -121.44530     -14.387460     -.10320538E-02
     0.00000000 -10416577.
 2 -74353.404      99.00  8539.3383       0.50
  6000.0000      5123954.0     -941.72642      42.957060         0.00000000
     0.00000000 -.36536589E+09
 2 -931953.90      99.00  68151.779       0.50
  6000.0000     -43508.638      176.80798     -41.974318         0.00000000
     0.00000000     0.00000000
 1     0.00000000   0.00
 Zr_Solid_Alpha(s)       #
   1  2    1.0    0.0
  1135.0000     -7784.8849      131.05307     -25.275675     -.11459462E-03
 -.93967667E-06  28167.161
  1135.0000     -13328.979      187.23265     -32.755164         0.00000000
     0.00000000     0.00000000
 Zr(s)                   #
   1  1    1.0    0.0
  6001.0000         0.00000000     0.00000000     0.00000000     0.00000000
     0.00000000     0.00000000
 H(s)                    #
   1  1    0.0    1.0
  6001.0000         0.00000000     0.00000000     0.00000000     0.00000000
     0.00000000     0.00000000
